0 0 0 0 0 0 0 0 0 0 0 0 0 0 0 0 0 0 0 0 0 0 0 0 0 0 0 0 0 0 0 0 0 0 0 0 0 0 0 0 0 0 0 0 0 0 0 0 0 0 
0 0 0 0 0 0 0 0 0 0 0 0 0 0 0 0 0 0 0 0 0 0 0 0 0 0 0 0 0 0 0 0 0 0 0 0 0 0 0 0 0 0 0 0 0 0 0 0 0 0 
0 0 0 0 0 0 0 0 0 0 0 0 0 0 0 0 0 0 0 0 0 0 0 0 0 0 0 0 0 0 0 0 0 0 0 0 0 0 0 0 0 0 0 0 0 0 0 0 0 0 
0 0 0 0 0 0 0 0 0 0 0 0 0 0.0046039021031151631 0.0046039021031151631 0.0046039021031151631 0.0046039021031151631 0.0046039021031151631 0 0 0 0 0 0 0 0 0 0 0 0 0 0 0 0 0 0 0 0 0 0 0 0 0 0 0 0 0 0 0 0 
0 0 0 0 -0.0063379964636857264 -0.0063379964636857264 -0.0063379964636857264 -0.0063379964636857264 -0.0063379964636857264 0 0 0 0 0.0046039021031151631 0.01381170630934549 0.01381170630934549 0.01381170630934549 0.01381170630934549 0.0092078042062303262 0 0 0 0 0 0 0 0 0 0 0 0 0 0 0 0 0 0 0 0 0 0 0 0 0 0 0 0 0 0 0 
0 0 0 0 -0.0063379964636857264 -0.019013989391057178 -0.019013989391057178 -0.019013989391057178 -0.019013989391057178 -0.012675992927371453 0 0 0 0.0046039021031151631 0.01381170630934549 0.023019510515575815 0.023019510515575815 0.023019510515575815 0.018415608412460652 0.0092078042062303262 0.0073959416092475271 0.0073959416092475271 0.0073959416092475271 0.0073959416092475271 0.0073959416092475271 0 0 0 0 0 0 0 0 0 0 0 0 0 0 0 0 0 0 0 0 0 0 0 0 0 
0 0 0 0 -0.0063379964636857264 -0.019013989391057178 -0.025351985854742905 -0.025351985854742905 -0.025351985854742905 -0.019013989391057178 -0.0063379964636857264 0 0 0.0046039021031151631 0.01381170630934549 0.023019510515575815 0.035019354227938504 0.035019354227938504 0.030415452124823342 0.021207647918593017 0.019395785321610216 0.0073959416092475271 0.0073959416092475271 0.0073959416092475271 0.0073959416092475271 0 0 0 0 0 0 0 0 0 0 0 0 0 0 0 0 0 0 0 0 0 0 0 0 0 
0 0 0 0 -0.0063379964636857264 -0.019013989391057178 -0.025351985854742905 -0.038027978782114356 -0.038027978782114356 -0.031689982318428629 -0.019013989391057178 -0.012675992927371453 0.0092078042062303262 0.01381170630934549 0.023019510515575815 0.032227314721806143 0.044227158434168828 0.049811237446433565 0.045207335343318403 0.035999531137088071 0.03418766854010527 0.022187824827742581 0.0073959416092475271 0.0073959416092475271 0.0073959416092475271 0 0 0 0 0 0 0 0 0 0 0 0 0 0 0 0 0 0 0 0 0 0 0 0 0 
0 0 0 0 -0.0063379964636857264 -0.019013989391057178 -0.025351985854742905 -0.038027978782114356 -0.044365975245800084 -0.038027978782114356 -0.025351985854742905 -0.019013989391057178 0.0028698077425445999 0.0092078042062303262 0.018415608412460652 0.027623412618690977 0.039623256331053666 0.045207335343318403 0.052603276952565933 0.043395472746335595 0.041583610149352801 0.029583766436990108 0.014791883218495054 0.0073959416092475271 0.0073959416092475271 0 0 0 0 0 0 0 0 0 0 0 0 0 0 0 0 0 0 0 0 0 0 0 0 0 
0 0 0 0 -0.0063379964636857264 -0.019013989391057178 -0.025351985854742905 -0.038027978782114356 -0.044365975245800084 -0.038027978782114356 -0.025351985854742905 -0.019013989391057178 0.0028698077425445999 0.0092078042062303262 0.0092078042062303262 0.018415608412460652 0.030415452124823342 0.035999531137088071 0.043395472746335595 0.058187355964830656 0.056375493367847862 0.044375649655485169 0.029583766436990108 0.022187824827742581 0.0073959416092475271 0 0 0 0 0 0 0 0 0 0 0 0 0 0 0 0 0 0 0 0 0 0 0 0 0 
0 0 0 0 -0.0063379964636857264 -0.0063379964636857264 -0.012675992927371453 -0.025351985854742905 -0.031689982318428629 -0.025351985854742905 -0.025351985854742905 -0.019013989391057178 0.0028698077425445999 0.0092078042062303262 0.0092078042062303262 0.0092078042062303262 0.021207647918593017 0.026791726930857743 0.03418766854010527 0.048979551758600332 0.056375493367847862 0.044375649655485169 0.029583766436990108 0.022187824827742581 0.0073959416092475271 0 0 0 0 0 0 0 0 0 0 0 0 0 0 0 0 0 0 0 0 0 0 0 0 0 
0 0 0 0 -0.0063379964636857264 -0.0063379964636857264 -0.0063379964636857264 -0.019013989391057178 -0.025351985854742905 -0.019013989391057178 -0.019013989391057178 -0.019013989391057178 0.0028698077425445999 0.0092078042062303262 0.0092078042062303262 0.0092078042062303262 0.011839480581491363 0.017423559593756091 0.024819501203003618 0.039611384421498676 0.047007326030746206 0.044375649655485169 0.029583766436990108 0.022187824827742581 0.0073959416092475271 0 0 0 0 0 0 0 0 0 0 0 0 0 0 0 0 0 0 0 0 0 0 0 0 0 
0 0 0 0 -0.0063379964636857264 -0.0063379964636857264 -0.0063379964636857264 -0.0063379964636857264 -0.012675992927371453 -0.0063379964636857264 -0.0063379964636857264 -0.0063379964636857264 -0.0010746437131636533 0.0052633527505220731 0.0052633527505220731 0.0052633527505220731 0.0078950291257831092 0.0026316763752610365 0.010027617984508564 0.024819501203003618 0.032215442812251145 0.029583766436990108 0.029583766436990108 0.022187824827742581 0.0073959416092475271 0 0 0 0 0 0 0 0 0 0 0 0 0 0 0 0 0 0 0 0 0 0 0 0 0 
0 0 0 0 -0.0063379964636857264 -0.0063379964636857264 -0.0063379964636857264 -0.0063379964636857264 -0.0063379964636857264 0 0 0 0.0052633527505220731 0.0078950291257831092 0.0078950291257831092 0.0078950291257831092 0.010526705501044146 0.0052633527505220731 0.0026316763752610365 0.017423559593756091 0.024819501203003618 0.022187824827742581 0.022187824827742581 0.022187824827742581 0.0073959416092475271 0 0 0 0 0 0 0 0 0 0 0 0 0 0 0 0 0 0 0 0 0 0 0 0 0 
0 0 0 0 0 0 0 0 0 0 0 0 0.0052633527505220731 0.0078950291257831092 0.013158381876305183 0.013158381876305183 0.015790058251566218 0.010526705501044146 0.0078950291257831092 0.0026316763752610365 0.010027617984508564 0.0073959416092475271 0.0073959416092475271 0.0073959416092475271 0.0073959416092475271 0 0 0 0 0 0 0 0 0 0 0 0 0 0 0.0027206321727549468 0.0027206321727549468 0.0027206321727549468 0.0027206321727549468 0.0027206321727549468 0 0 0 0 0 0 
0 0 0 0 0 0 0 0 0 0 0 0 0.0052633527505220731 0.0078950291257831092 0.013158381876305183 0.018421734626827255 0.021053411002088292 0.015790058251566218 0.013158381876305183 0.0078950291257831092 0.0026316763752610365 0 0 0 0 0 0 0 0 0 0 0 0 0 0 0.0013603160863774734 0.0013603160863774734 0.0013603160863774734 0.0013603160863774734 0.0040809482591324204 0.0040809482591324204 0.0040809482591324204 0.0040809482591324204 0.0040809482591324204 0.0013603160863774734 0 0 0 0 0 
0 0 0 0 0 0 0 0 0 0 0 0 0.0052633527505220731 0.0078950291257831092 0.013158381876305183 0.018421734626827255 0.018421734626827255 0.013158381876305183 0.010526705501044146 0.0052633527505220731 0 0 0 0 0 0 0 0 0 0 0 0 0 0 0 0.0013603160863774734 0.0027206321727549468 0.0027206321727549468 0.0027206321727549468 0.0054412643455098936 0.0054412643455098936 0.0040809482591324204 0.0040809482591324204 0.0040809482591324204 0.0013603160863774734 0 0 0 0 0 
0 0 0 0 0 0 0 0 0 0 0 0 0 0.0026316763752610365 0.0078950291257831092 0.013158381876305183 0.013158381876305183 0.013158381876305183 0.010526705501044146 0.0052633527505220731 0 0 0 0 0 0 0 0 0 0 0 0 0 0 0 0.0013603160863774734 0.0027206321727549468 0.0054412643455098936 0.0054412643455098936 0.0081618965182648408 0.0081618965182648408 0.0068015804318873668 0.0040809482591324204 0.0040809482591324204 0.0013603160863774734 0 0 0 0 0 
0 0 0 0 0 0 0 0 0 0 0 0 0 0 0.0052633527505220731 0.010526705501044146 0.010526705501044146 0.010526705501044146 0.010526705501044146 0.0052633527505220731 0 0 0 0 0 0 0 0 0 0 0 0 0 0 0 0.0013603160863774734 0.0027206321727549468 0.0054412643455098936 0.0068015804318873668 0.009522212604642314 0.009522212604642314 0.0081618965182648408 0.0054412643455098936 0.0040809482591324204 0.0013603160863774734 0 0 0 0 0 
0 0 0 0 0 0 0 0 0 0 0 0 0 0 0 0.0052633527505220731 0.0052633527505220731 0.0052633527505220731 0.0052633527505220731 0.0052633527505220731 0 0 0 0 0 0 0 0 0 0 0 0 0 0 0 0.0013603160863774734 0.0027206321727549468 0.0054412643455098936 0.0068015804318873668 0.0068015804318873668 0.0068015804318873668 0.0054412643455098936 0.0027206321727549468 0.0013603160863774734 0.0013603160863774734 0 0 0 0 0 
0 0 0 0 0 0 0 0 0 0 0 0 0 0 0 0 0 0 0 0 0 0 0 0 0 0 0 0 0 0 0 0 0 0 0 0 0.0013603160863774734 0.0040809482591324204 0.0054412643455098936 0.0054412643455098936 0.0054412643455098936 0.0040809482591324204 0.0013603160863774734 0 0 0 0 0 0 0 
0 0 0 0 0 0 0 0 0 0 0 0 0 0 0 0 0 0 0 0 0 0 0 0 0 0 0 0 0 0 0 0 0 0 0 0 0 0.0027206321727549468 0.0040809482591324204 0.0040809482591324204 0.0040809482591324204 0.0040809482591324204 0.0013603160863774734 0 0 0 0 0 0 0 
0 0 0 0 0 0 0 0 0 0 0 0 0 0 0 0 0 0 0 0 0 0 0 0 0 0 0 0 0 0 0 0 0 0 0 0 0 0 0.0013603160863774734 0.0013603160863774734 0.0013603160863774734 0.0013603160863774734 0.0013603160863774734 0 0 0 0 0 0 0 
0 0 0 0 0 0 0 0 0 0 0 0 0 0 0 0 0 0 0 0 0 0 0 0 0 0 0 0 0 0 0 0 0 0 0 0 0 0 0 0 0 0 0 0 0 0 0 0 0 0 
0 0 0 0 0 0 0 0 0 0 0 0 0 0 0 0 0 0 0 0 0 0 0 0 -0.0065813954493752873 -0.0065813954493752873 -0.0065813954493752873 -0.0065813954493752873 -0.0065813954493752873 0 0 0 0 0 0 0 0 0 0 0 0 0 0 0 0 0 0 0 0 0 
0 0 0 0 0 0 0 0 0 0 0 0 0 0 0 0 0 0 0 0 0 0 0 0 -0.0065813954493752873 -0.019744186348125862 -0.019744186348125862 -0.019744186348125862 -0.019744186348125862 -0.013162790898750575 -0.0027513006239866366 -0.0027513006239866366 -0.0027513006239866366 -0.0027513006239866366 -0.0027513006239866366 0 0 0 0 0 0 0 0 0 0 0 0 0 0 0 
0 0 0 0 0 0 0 0 0 0 0 0 0 0 0 0 0 0 0 0 0 0 0 0 -0.0065813954493752873 -0.019744186348125862 -0.026325581797501149 -0.026325581797501149 -0.026325581797501149 -0.019744186348125862 -0.0093326960733619239 -0.0055026012479732732 -0.0055026012479732732 -0.0055026012479732732 -0.0055026012479732732 -0.0027513006239866366 0 0 0 0 0 0 0 0 0 0 0 0 0 0 
0 0 0 0 0 0 0 0 0 0 0 0 0 0 0 0 0 0 0 0 0 0 -0.013162790898750575 -0.013162790898750575 -0.019744186348125862 -0.03290697724687644 -0.039488372696251731 -0.026325581797501149 -0.026325581797501149 -0.019744186348125862 -0.0093326960733619239 -0.0055026012479732732 -0.011005202495946546 -0.011005202495946546 -0.011005202495946546 -0.0082539018719599098 -0.0055026012479732732 0 0 0 0 0 0 0 0 0 0 0 0 0 
0 0 0 0 0 0 0 0 0 0 0 0 0 0 0 0 0 0 0 0 0 0 -0.013162790898750575 -0.019744186348125862 -0.026325581797501149 -0.039488372696251731 -0.046069768145627021 -0.03290697724687644 -0.026325581797501149 -0.019744186348125862 -0.0093326960733619239 -0.0055026012479732732 -0.011005202495946546 -0.013756503119933183 -0.013756503119933183 -0.011005202495946546 -0.0082539018719599098 -0.0027513006239866366 0 0 0 0 0 0 0 0 0 0 0 0 
0 0 0 0 0 0 0 0 0 0 0 0 0 0 -0.0031242395894954342 -0.0031242395894954342 -0.0031242395894954342 -0.0031242395894954342 -0.0031242395894954342 0 0 0 -0.013162790898750575 -0.019744186348125862 -0.026325581797501149 -0.039488372696251731 -0.046069768145627021 -0.03290697724687644 -0.026325581797501149 -0.019744186348125862 -0.0093326960733619239 -0.0055026012479732732 -0.011005202495946546 -0.013756503119933183 -0.019259104367906454 -0.01650780374391982 -0.013756503119933183 -0.0082539018719599098 -0.0055026012479732732 0 0 0 0 0 0 0 0 0 0 0 
0 0 0 0 0 0 0 0 0 0 0 0 0 0 -0.0031242395894954342 -0.0093727187684863027 -0.0093727187684863027 -0.0093727187684863027 -0.0093727187684863027 -0.0062484791789908685 0 0 -0.013162790898750575 -0.019744186348125862 -0.026325581797501149 -0.026325581797501149 -0.03290697724687644 -0.019744186348125862 -0.013162790898750575 -0.0065813954493752873 -0.0065813954493752873 -0.0027513006239866366 -0.0082539018719599098 -0.011005202495946546 -0.01650780374391982 -0.023153125088397002 -0.020401824464410363 -0.01489922321643709 -0.012147922592450454 -0.0066453213444771812 0.0033640223125960727 0.0033640223125960727 0.0033640223125960727 0.0033640223125960727 0.0033640223125960727 0 0 0 0 0 
0 0 0 0 0 0 0 0 0 0 0 0 0 0 -0.0031242395894954342 -0.0093727187684863027 -0.012496958357981737 -0.012496958357981737 -0.012496958357981737 -0.0093727187684863027 -0.0031242395894954342 0 -0.013162790898750575 -0.019744186348125862 -0.026325581797501149 -0.026325581797501149 -0.026325581797501149 -0.013162790898750575 -0.0065813954493752873 0 0 0 -0.0055026012479732732 -0.0082539018719599098 -0.013756503119933183 -0.020401824464410363 -0.024295845184900907 -0.018793243936927634 -0.016041943312940999 -0.010539342064967726 -0.00052999840789447195 0.0067280446251921453 0.0067280446251921453 0.0067280446251921453 0.0067280446251921453 0.0033640223125960727 0 0 0 0 
0 0 0 0 0 0 0 0 0 0 0 0 -0.0062484791789908685 -0.0062484791789908685 -0.0093727187684863027 -0.015621197947477171 -0.018745437536972605 -0.012496958357981737 -0.012496958357981737 -0.0093727187684863027 -0.0031242395894954342 0 -0.026181145411501783 -0.032762540860877071 -0.039343936310252355 -0.039343936310252355 -0.039343936310252355 -0.013162790898750575 -0.0065813954493752873 0 0 0 -0.0077880414409810892 -0.010539342064967726 -0.016041943312940999 -0.022687264657418178 -0.026581285377908721 -0.018793243936927634 -0.016041943312940999 -0.010539342064967726 -0.00052999840789447195 0.0067280446251921453 0.013456089250384291 0.013456089250384291 0.013456089250384291 0.010092066937788219 0.0067280446251921453 0 0 0 
0 0 0 0.011160668084537667 0.011160668084537667 0.011160668084537667 0.011160668084537667 0.011160668084537667 0 0 0 0 -0.0062484791789908685 -0.0093727187684863027 -0.012496958357981737 -0.018745437536972605 -0.021869677126468041 -0.015621197947477171 -0.012496958357981737 -0.0093727187684863027 -0.0031242395894954342 0 -0.026181145411501783 -0.039271718117252677 -0.045853113566627961 -0.045853113566627961 -0.045853113566627961 -0.019671968155126181 -0.0065813954493752873 0 0 0 -0.0077880414409810892 -0.011682062161471635 -0.017184663409444904 -0.023829984753922086 -0.02772400547441263 -0.019935964033431543 -0.015120667993239328 -0.009618066745266057 0.00039127691180719688 0.0076493199448938141 0.014377364570085958 0.016820111562980362 0.016820111562980362 0.013456089250384291 0.010092066937788219 0.0033640223125960727 0 0 
0.011160668084537667 0.011160668084537667 0.011160668084537667 0.022321336169075334 0.022321336169075334 0.022321336169075334 0.022321336169075334 0.022321336169075334 0.011160668084537667 0 0 0 -0.0062484791789908685 -0.0093727187684863027 -0.012496958357981737 -0.018745437536972605 -0.021869677126468041 -0.015621197947477171 -0.012496958357981737 -0.0093727187684863027 -0.0031242395894954342 0 -0.026181145411501783 -0.039271718117252677 -0.065452863528754457 -0.065452863528754457 -0.065452863528754457 -0.039271718117252677 -0.026181145411501783 0 0 0 -0.0077880414409810892 -0.011682062161471635 -0.018548828282751052 -0.025194149627228234 -0.029088170347718777 -0.02130012890673769 -0.016484832866545479 -0.0053327691129683155 0.0046765745441049384 0.011934617577191556 0.0186626622023837 0.021105409195278101 0.020184133875576434 0.016820111562980362 0.013456089250384291 0.0067280446251921453 0.0033640223125960727 0 
0.033482004253613001 0.033482004253613001 0.033482004253613001 0.044642672338150668 0.044642672338150668 0.022321336169075334 0.022321336169075334 0.022321336169075334 0.011160668084537667 0 0 0 -0.0062484791789908685 -0.0093727187684863027 -0.012496958357981737 -0.012496958357981737 -0.015621197947477171 -0.0093727187684863027 -0.0062484791789908685 -0.0031242395894954342 -0.029305385000997219 -0.026181145411501783 -0.052362290823003567 -0.065452863528754457 -0.091634008940256251 -0.065452863528754457 -0.065452863528754457 -0.039271718117252677 -0.026181145411501783 0 -0.017846344521666526 -0.017846344521666526 -0.025634385962647614 -0.029528406683138157 -0.036395172804417585 -0.020600298363838258 -0.024494319084328801 -0.016706277643347714 -0.011890981603155503 -0.00073891784957834123 0.0046765745441049384 0.011934617577191556 0.0186626622023837 0.021105409195278101 0.020184133875576434 0.016820111562980362 0.013456089250384291 0.0067280446251921453 0.0033640223125960727 0 
0.033482004253613001 0.044642672338150668 0.044642672338150668 0.055803340422688336 0.055803340422688336 0.033482004253613001 0.022321336169075334 0.022321336169075334 0.011160668084537667 0 0 0.0031073286563348362 -0.0031411505226560323 -0.0062653901121514661 -0.0093896297016469003 -0.0093896297016469003 -0.012496958357981737 -0.0062484791789908685 -0.0031242395894954342 0 -0.026181145411501783 -0.039271718117252677 -0.065452863528754457 -0.078543436234505354 -0.10472458164600715 -0.078543436234505354 -0.065452863528754457 -0.039271718117252677 -0.026181145411501783 0 -0.017846344521666526 -0.026769516782499787 -0.034557558223480875 -0.038451578943971422 -0.045318345065250849 -0.029523470624671519 -0.019679023044136587 -0.011890981603155501 -0.0070756855629632888 0.0040763781906138722 0.0094918705842971518 0.008570595264595483 0.015298639889787628 0.01774138688268203 0.016820111562980362 0.013456089250384291 0.013456089250384291 0.0067280446251921453 0.0033640223125960727 0 
0.033482004253613001 0.044642672338150668 0.066964008507226003 0.07812467659176367 0.07812467659176367 0.055803340422688336 0.044642672338150668 0.028535993481745008 0.01737532539720734 0.0062146573126696724 0.0062146573126696724 0.0093219859690045082 0.0031073286563348362 -1.6910933160598027e-05 -0.0031411505226560323 -0.0031411505226560323 -0.0062484791789908685 -0.0062484791789908685 -0.0031242395894954342 0 -0.026181145411501783 -0.039271718117252677 -0.039271718117252677 -0.052362290823003567 -0.078543436234505354 -0.052362290823003567 -0.039271718117252677 -0.039271718117252677 -0.026181145411501783 0 -0.017846344521666526 -0.026769516782499787 -0.044615861304166317 -0.048509882024656864 -0.055376648145936284 -0.039581773705356961 -0.029737326124822026 -0.010048430963752164 -0.0052331349235599511 0.0059189288300172099 0.011334421223700489 0.010413145903998821 0.008570595264595483 0.011013342257489886 0.010092066937788219 0.0067280446251921453 0.0067280446251921453 0.0067280446251921453 0.0033640223125960727 0 
0.033482004253613001 0.044642672338150668 0.066964008507226003 0.066964008507226003 0.066964008507226003 0.044642672338150668 0.033482004253613001 0.01737532539720734 0.020482654053542177 0.0093219859690045082 0.0093219859690045082 0.012429314625339345 0.0062146573126696724 0.0031073286563348362 -1.6910933160598027e-05 -1.6910933160598027e-05 -0.0031242395894954342 -0.0031242395894954342 -0.0031242395894954342 0 -0.026181145411501783 -0.039271718117252677 -0.039271718117252677 -0.039271718117252677 -0.065452863528754457 -0.039271718117252677 -0.026181145411501783 -0.026181145411501783 -0.026181145411501783 0 -0.017846344521666526 -0.026769516782499787 -0.044615861304166317 -0.053539033564999582 -0.060405799686279002 -0.044610925245699685 -0.034766477665164754 -0.015077582504094881 -0.00615441024326162 0.004997653510315541 0.010413145903998821 0.0094918705842971518 0.0076493199448938141 0.0076493199448938141 0.0067280446251921453 0.0033640223125960727 0.0033640223125960727 0.0033640223125960727 0.0033640223125960727 0 
0.022321336169075334 0.033482004253613001 0.055803340422688336 0.055803340422688336 0.055803340422688336 0.033482004253613001 0.022321336169075334 0.0062146573126696724 0.0093219859690045082 0.015536643281674182 0.015536643281674182 0.018643971938009016 0.012429314625339345 0.0093219859690045082 0.0031073286563348362 0.0031073286563348362 0 0 0 0 -0.026181145411501783 -0.039271718117252677 -0.039271718117252677 -0.039271718117252677 -0.039271718117252677 -0.013090572705750892 0 0 0 0 -0.017846344521666526 -0.026769516782499787 -0.044615861304166317 -0.053539033564999582 -0.071385378086666104 -0.055590503646086795 -0.045746056065551863 -0.026057160904481989 -0.017133988643648724 0.00071235587801780019 0.0061278482717010791 0.0052065729519994103 0.0033640223125960727 0.0033640223125960727 0.0033640223125960727 0 0 0 0 0 
0 0.011160668084537667 0.033482004253613001 0.033482004253613001 0.033482004253613001 0.033482004253613001 0.022321336169075334 0.0062146573126696724 0.0093219859690045082 0.015536643281674182 0.021751300594343853 0.02485862925067869 0.018643971938009016 0.015536643281674182 0.0093219859690045082 0.0031073286563348362 0 0 0 0 0 -0.013090572705750892 -0.013090572705750892 -0.013090572705750892 -0.013090572705750892 -0.013090572705750892 0 0 0 0 -0.01897535180718966 -0.027898524068022922 -0.045744868589689451 -0.054668040850522716 -0.072514385372189238 -0.053539033564999582 -0.04369458598446465 -0.024005690823394776 -0.015082518562561516 0.0027638259591050074 0.0027638259591050074 0.0018425506394033381 0 0 0 0 0 0 0 0 
0 0 0.022321336169075334 0.022321336169075334 0.022321336169075334 0.022321336169075334 0.022321336169075334 0.0062146573126696724 0.0093219859690045082 0.015536643281674182 0.021751300594343853 0.021751300594343853 0.015536643281674182 0.012429314625339345 0.0062146573126696724 0 0 0 0 0 0 0 0 0 0 0 0 0 0 0 -0.01897535180718966 -0.028463027710784489 -0.046309372232451018 -0.055232544493284283 -0.073078889014950799 -0.054103537207761149 -0.044615861304166317 -0.024926966143096446 -0.016003793882263185 0.0018425506394033381 0.0018425506394033381 0.0018425506394033381 0 0 0 0 0 0 0 0 
0 0 0.0066809366982446376 0.0066809366982446376 0.0066809366982446376 0.0066809366982446376 0.0066809366982446376 0 0.0031073286563348362 0.0093219859690045082 0.015536643281674182 0.015536643281674182 0.015536643281674182 0.012429314625339345 0.0062146573126696724 0 0 0 0 0 0 0 0 0 0 0 0 -0.023579817972898723 -0.023579817972898723 -0.023579817972898723 -0.042555169780088387 -0.052042845683683218 -0.028463027710784489 -0.037386199971617753 -0.055232544493284283 -0.036257192686094619 -0.026769516782499787 -0.026769516782499787 -0.017846344521666526 0 0 0 0 0 0 0 0 0 0 0 
0 0 0.0066809366982446376 0.013361873396489275 0.013361873396489275 0.013361873396489275 0.013361873396489275 0.0066809366982446376 0 0.0062146573126696724 0.012429314625339345 0.012429314625339345 0.012429314625339345 0.012429314625339345 0.0062146573126696724 0 0 0 0 0 0 0 0 0 0 0 0 -0.023579817972898723 -0.037671960042202621 -0.037671960042202621 -0.056647311849392278 -0.066134987752987109 -0.042555169780088387 -0.028463027710784489 -0.046309372232451018 -0.027334020425261354 -0.017846344521666526 -0.017846344521666526 -0.017846344521666526 0 0 0 0 0 0 0 0 0 0 0 
0 0 0.0066809366982446376 0.013361873396489275 0.02672374679297855 0.02672374679297855 0.02672374679297855 0.020042810094733913 0.013361873396489275 0.0009552047144331618 0.0071698620271028347 0.0071698620271028347 0.0071698620271028347 0.0071698620271028347 0.0062146573126696724 0 0 0 0 0 0 0 0 0 -0.0092089323314181269 -0.0092089323314181269 -0.0092089323314181269 -0.032788750304316855 -0.046880892373620746 -0.056647311849392278 -0.075622663656581934 -0.085110339560176759 -0.061530521587278043 -0.047438379517974152 -0.028463027710784489 -0.0094876759035948301 0 0 0 0 0 0 0 0 0 0 0 0 0 0 
0 0 0.0066809366982446376 0.013361873396489275 0.02672374679297855 0.041040824903900985 0.041040824903900985 0.034359888205656351 0.027678951507411714 0.015272282825355598 0.0019104094288663236 0.0019104094288663236 0.0019104094288663236 0.0019104094288663236 0.0009552047144331618 0 0 0 0 0 0 0 0 0 -0.0092089323314181269 -0.018417864662836254 -0.018417864662836254 -0.04199768263573498 -0.056089824705038878 -0.065856244180810403 -0.06758802781820461 -0.077075703721799435 -0.053495885748900719 -0.039403743679596828 -0.020428391872407168 -0.0094876759035948301 0 0 0 0 0 0 0 0 0 0 0 0 0 0 
0 0.0066809366982446376 0.013361873396489275 0.020042810094733913 0.033404683491223192 0.047721761602145626 0.041996029618334145 0.035315092920089511 0.028634156221844877 0.016227487539788761 0.0028656141432994854 0.0019104094288663236 0.0019104094288663236 0.0019104094288663236 0.0009552047144331618 0 0 0 0 0 0 0 0 0 -0.0092089323314181269 -0.018417864662836254 -0.023022330828545316 -0.046602148801444046 -0.060694290870747944 -0.070460710346519462 -0.072192493983913669 -0.073058385802610773 -0.049478567829712057 -0.035386425760408166 -0.016411073953218506 -0.0054703579844061689 0 0 0 0 0 0 0 0 0 0 0 0 0 0 
0 0.0066809366982446376 0.013361873396489275 0.020042810094733913 0.033404683491223192 0.047721761602145626 0.041996029618334145 0.03722550234895583 0.030544565650711203 0.018137896968655087 0.0047760235721658086 0.0038208188577326472 0.0019104094288663236 0.0019104094288663236 0.0009552047144331618 0 0 0 0 0 0 0 0 0 -0.0092089323314181269 -0.018417864662836254 -0.023022330828545316 -0.033097154978660552 -0.04718929704796445 -0.056955716523735982 -0.058687500161130189 -0.059553391979827293 -0.054948925814118227 -0.040856783744814336 -0.021881431937624676 -0.010940715968812338 -0.0054703579844061689 0 0 0 0 0 0 0 0 0 0 0 0 0 
0 0.0066809366982446376 0.013361873396489275 0.013361873396489275 0.02672374679297855 0.041040824903900985 0.035315092920089511 0.030544565650711203 0.031499770365144363 0.01909310168308825 0.0057312282865989699 0.0047760235721658086 0.0028656141432994854 0.0019104094288663236 0.0009552047144331618 0 0 0 0 0 0 0 0 0 -0.0092089323314181269 -0.018417864662836254 -0.023022330828545316 -0.033097154978660552 -0.038567512963066722 -0.04833393243883826 -0.050065716076232468 -0.050931607894929572 -0.046327141729220506 -0.040856783744814336 -0.021881431937624676 -0.010940715968812338 -0.0054703579844061689 0 0 0 0 0 0 0 0 0 0 0 0 0 
0 0.0066809366982446376 0.013361873396489275 0.013361873396489275 0.013361873396489275 0.027678951507411714 0.021953219523600239 0.017182692254221924 0.018137896968655087 0.01909310168308825 0.0057312282865989699 0.0047760235721658086 0.0028656141432994854 0.0019104094288663236 0.0009552047144331618 0 0 0 0 0 0 0 0 0 0 -0.0092089323314181269 -0.013813398497127191 -0.02388822264724242 -0.02935858063164859 -0.040299296600460936 -0.042031080237855144 -0.042896972056552247 -0.038292505890843181 -0.032822147906437012 -0.021881431937624676 -0.010940715968812338 -0.0054703579844061689 0 0 0 0 0 0 0 0 0 0 0 0 0 
