0 0 0 0 0 0 0 0 0 0 0 0 0 0 0 0 0 0.0069831182631929466 0.01047467739478942 0.017457795657982368 0.024440913921175318 0.027932473052771793 0.020949354789578843 0.017457795657982368 0.01047467739478942 0.0034915591315964733 0 0 0 0 0 0 0 0 0 0 0 0 0 0 0 0 0 0 0 0 0 0 0 0 
0 0 0 0 0 0 0 0 0 0 0 0 0 0 0 0 0 0.0069831182631929466 0.01047467739478942 0.017457795657982368 0.024440913921175318 0.024440913921175318 0.017457795657982368 0.013966236526385893 0.0069831182631929466 0 0 0 0 0 0 0 0 0 0 0 0 0 0 0 0 0 0 0 0 0 0 0 0 0 
0 0 0 0 0 0 0 0 0 0 0 0 0 0 0 0 0 0 0.0034915591315964733 0.01047467739478942 0.017457795657982368 0.017457795657982368 0.017457795657982368 0.013966236526385893 0.0069831182631929466 0 0 0 0 0 0 0 0 0 0 0 0 0 0 0 0 0 0 0 0 0 0 0 0 0 
0 0 0 0 0 0 0 0 0 0 0 0 0 0 0 0 0 0 0 0.0069831182631929466 0.013966236526385893 0.013966236526385893 0.013966236526385893 0.013966236526385893 0.0069831182631929466 0 0 0 0 0 0 0 0 0 0 0 0 0 0 0 0 0 0 0 0 0 0 0 0 0 
-0.018865810071839309 -0.018865810071839309 -0.018865810071839309 -0.018865810071839309 0 0 0 0 0 0 0 0 0 0 0 0 0 0 0 0 0.0069831182631929466 0.0069831182631929466 0.0069831182631929466 0.0069831182631929466 0.016358337749020475 0.0093752194858275281 0.0093752194858275281 0.0093752194858275281 0.0093752194858275281 0 0 0 0 0 0 0 0 0 0 0 0 0 0 0 0 0 0 0 0 0 
-0.037731620143678618 -0.037731620143678618 -0.037731620143678618 -0.037731620143678618 -0.018865810071839309 0 0 0 0 0 0 0 0 0 0 0 0 0 0 0 0.0093752194858275281 0.0093752194858275281 0.0093752194858275281 0.0093752194858275281 0.018750438971655056 0.018750438971655056 0.018750438971655056 0.018750438971655056 0.018750438971655056 0.0093752194858275281 0 0 0 0 0 0 0 0 0 0 0 0 0 0 0 0 0 0 0 0 
-0.037731620143678618 -0.047164525179598273 -0.047164525179598273 -0.047164525179598273 -0.028298715107758964 -0.0094329050359196545 0 0 0 0 0 0 0 0 0 0 0 0 0 0 0.0093752194858275281 0.018750438971655056 0.018750438971655056 0.018750438971655056 0.028125658457482584 0.028125658457482584 0.018750438971655056 0.018750438971655056 0.018750438971655056 0.0093752194858275281 0 0 0 0 0 0 0 0 0 0 0 0 0 0 0 0 0 0 0 0 
-0.047164525179598273 -0.056597430215517927 -0.056597430215517927 -0.056597430215517927 -0.037731620143678618 -0.018865810071839309 -0.0094329050359196545 0 0 0 0 0 0 0 0 0 0 0 0 0 0.0093752194858275281 0.018750438971655056 0.037500877943310112 0.037500877943310112 0.046876097429137641 0.046876097429137641 0.037500877943310112 0.018750438971655056 0.018750438971655056 0.0093752194858275281 0 0 0 0 0 0 0 0 0 0 0 0 0 0 0 0 0 0 0 0 
-0.056597430215517927 -0.066030335251437589 -0.066030335251437589 -0.056597430215517927 -0.037731620143678618 -0.018865810071839309 -0.0094329050359196545 0 0 0 0 0 0 0 0 0 0 0 0 0 0.0093752194858275281 0.018750438971655056 0.037500877943310112 0.046876097429137641 0.056251316914965169 0.056251316914965169 0.046876097429137641 0.028125658457482584 0.029654891358764084 0.020279671872936555 0.010904452387109029 0.010904452387109029 0.010904452387109029 0 0 0 0 0 0 0 0 0 0 0 0 0 0 0 0 0 
-0.037731620143678618 -0.047164525179598273 -0.047164525179598273 -0.037731620143678618 -0.037731620143678618 -0.018865810071839309 -0.0094329050359196545 0 0 0 0 0 0 0 0 0 0 0 0 0 0.0093752194858275281 0.018750438971655056 0.037500877943310112 0.046876097429137641 0.056251316914965169 0.056251316914965169 0.046876097429137641 0.028125658457482584 0.029654891358764084 0.04208857664715461 0.032713357161327089 0.032713357161327089 0.032713357161327089 0.021808904774218058 0 0 0 0 0 0 0 0 0 0 -0.0078190103973676608 -0.0078190103973676608 -0.0078190103973676608 -0.0078190103973676608 -0.0078190103973676608 0 
-0.018865810071839309 -0.028298715107758964 -0.028298715107758964 -0.018865810071839309 -0.018865810071839309 -0.018865810071839309 -0.0094329050359196545 0 0 0 0 0 0 0 0 0 0 0 0 0 0 0.0093752194858275281 0.028125658457482584 0.037500877943310112 0.046876097429137641 0.068685002203355688 0.059309782717528167 0.040559343745873111 0.042088576647154617 0.054522261935545144 0.032713357161327089 0.032713357161327089 0.032713357161327089 0.021808904774218058 0 0.0046743214133658879 0.0046743214133658879 0.0046743214133658879 0.0046743214133658879 0.0046743214133658879 -0.015638020794735322 -0.015638020794735322 -0.015638020794735322 -0.015638020794735322 -0.023457031192102983 -0.0078190103973676608 -0.0078190103973676608 -0.0078190103973676608 -0.0078190103973676608 0 
-0.018865810071839309 -0.018865810071839309 -0.018865810071839309 -0.0094329050359196545 -0.0094329050359196545 -0.0094329050359196545 -0.0094329050359196545 0 0 0 0 0 0 0 0 0 0 0 0 0 0 0 0.018750438971655056 0.028125658457482584 0.037500877943310112 0.059309782717528167 0.070214235104637202 0.051463796132982138 0.052993029034263645 0.065426714322654178 0.043617809548436116 0.032713357161327089 0.032713357161327089 0.021808904774218058 0 0.0046743214133658879 0.0070114821200488314 0.0070114821200488314 0.0070114821200488314 0.0070114821200488314 -0.013300860088052377 -0.023457031192102983 -0.023457031192102983 -0.023457031192102983 -0.031276041589470643 -0.015638020794735322 -0.0078190103973676608 -0.0078190103973676608 -0.0078190103973676608 0 
-0.0094329050359196545 -0.0094329050359196545 -0.0094329050359196545 0 0 0 0 0 0 0 0 0 0 0 0 0 0 0 0 0 0 0 0 0.0093752194858275281 0.018750438971655056 0.040559343745873111 0.051463796132982138 0.0732727009072002 0.074801933808481713 0.087235619096872247 0.065426714322654178 0.054522261935545144 0.032713357161327089 0.021808904774218058 0 0.0046743214133658879 0.0070114821200488314 0.01168580353341472 0.01168580353341472 0.01168580353341472 -0.0086265386746864885 -0.018782709778737094 -0.039095051986838304 -0.039095051986838304 -0.046914062384205965 -0.031276041589470643 -0.023457031192102983 -0.0078190103973676608 -0.0078190103973676608 0 
0 0 0 0 0 0 0 0 0 0 0 0 0 0 0 0 0 0 0 0 0 0 0 0 0.0093752194858275281 0.031184124260045586 0.042088576647154617 0.063897481421372679 0.063897481421372679 0.076331166709763212 0.054522261935545144 0.043617809548436116 0.021808904774218058 0.021808904774218058 0 0.0046743214133658879 0.0070114821200488314 0.01168580353341472 0.014022964240097665 0.014022964240097665 -0.0062893779680035442 -0.016445549072054151 -0.036757891280155358 -0.046914062384205965 -0.054733072781573626 -0.039095051986838304 -0.031276041589470643 -0.015638020794735322 -0.0078190103973676608 0 
0 0 0 0 0 0 0 0 0 0 0 0 0 0 0 0 0 0 0 0 0 0 0 0 0 0.021808904774218058 0.032713357161327089 0.054522261935545144 0.054522261935545144 0.054522261935545144 0.032713357161327089 0.021808904774218058 0 0 0.0046743214133658879 0.0093486428267317758 0.01168580353341472 0.016360124946780609 0.018697285653463552 0.014022964240097665 -0.0062893779680035442 -0.016445549072054151 -0.036757891280155358 -0.046914062384205965 -0.054733072781573626 -0.039095051986838304 -0.031276041589470643 -0.015638020794735322 -0.0078190103973676608 0 
0 0 0 0 0 0 0 0 0 0 0 0 0 0 0 0.0081071681880822179 0.0081071681880822179 0.0081071681880822179 0.0081071681880822179 0.0081071681880822179 0 0 0 0 0 0 0.010904452387109029 0.032713357161327089 0.032713357161327089 0.032713357161327089 0.032713357161327089 0.021808904774218058 0 0 0.0046743214133658879 0.0046743214133658879 0.0070114821200488314 0.01168580353341472 0.014022964240097665 0.0093486428267317758 0.0093486428267317758 -0.00080752827731882942 -0.021119870485420036 -0.031276041589470643 -0.039095051986838304 -0.039095051986838304 -0.031276041589470643 -0.015638020794735322 -0.0078190103973676608 0 
0 0 0 0 0 0 0 0 0 0 0 0 0 0 0 0.0081071681880822179 0.012160752282123327 0.012160752282123327 0.012160752282123327 0.012160752282123327 0.0040535840940411089 0 0 0 0 0 0 0.021808904774218058 0.021808904774218058 0.021808904774218058 0.021808904774218058 0.021808904774218058 0 0 0.0046743214133658879 0.0046743214133658879 0.0046743214133658879 0.0093486428267317758 0.01168580353341472 0.0070114821200488314 0.0070114821200488314 0.0070114821200488314 -0.013300860088052377 -0.023457031192102983 -0.031276041589470643 -0.031276041589470643 -0.031276041589470643 -0.015638020794735322 -0.0078190103973676608 0 
0 0 0 0 0 0 0 0 0 0 0 0 0 0 0 0.0081071681880822179 0.012160752282123327 0.020267920470205543 0.020267920470205543 0.020267920470205543 0.012160752282123327 0.0081071681880822179 0 0 0 0 0 0 0 0 0 0 0 0 0.0046743214133658879 0.0046743214133658879 0.0046743214133658879 0.0046743214133658879 0.0070114821200488314 0.002337160706682944 0.002337160706682944 0.002337160706682944 0.002337160706682944 -0.0078190103973676608 -0.015638020794735322 -0.015638020794735322 -0.015638020794735322 -0.015638020794735322 -0.0078190103973676608 0 
0 0 0 0 0 0 0 0 0 0 0 0 0 0 0 0.0081071681880822179 0.012160752282123327 0.020267920470205543 0.02432150456424665 0.02432150456424665 0.016214336376164436 0.012160752282123327 0.0040535840940411089 0.0079938699759138625 0.0079938699759138625 0.0079938699759138625 0.0079938699759138625 0.0079938699759138625 0 0 0 0 0 0 0.0046743214133658879 0.0046743214133658879 0.0046743214133658879 0.0046743214133658879 0.0046743214133658879 0 0 0 0 0 -0.0078190103973676608 -0.0078190103973676608 -0.0078190103973676608 -0.0078190103973676608 -0.0078190103973676608 0 
0 0 0 0 0 0 0 0 0 0 0 0 0 0 0.0081071681880822179 0.016214336376164436 0.020267920470205543 0.028375088658287757 0.032428672752328865 0.02432150456424665 0.016214336376164436 0.012160752282123327 0.0040535840940411089 0.0079938699759138625 0.023981609927741586 0.023981609927741586 0.023981609927741586 0.023981609927741586 0.015987739951827725 0 0 0 0 0 0 0 0 0 0 0 0 0 0 0 0 0 0 0 0 0 
0 0 0 0 0 0 0 0 0 0 0 0 0 0 0.0081071681880822179 0.0081071681880822179 0.012160752282123327 0.020267920470205543 0.02432150456424665 0.016214336376164436 0.026132580194040869 0.022078996099999762 0.013971827911917548 0.017912113793790301 0.033899853745618026 0.030051106061692874 0.030051106061692874 0.030051106061692874 0.02205723608577901 0.0060694961339512864 0 0 0 0 0 0 0 0 0 0 0 0 0 0 0 0 0 0 0 0 
0 0 0 0 0 0 0.0013571899333024171 0.0013571899333024171 0.0013571899333024171 0.0013571899333024171 0.0013571899333024171 0 0 0 0.0081071681880822179 0.0081071681880822179 0.0081071681880822179 0.016214336376164436 0.020267920470205543 0.012160752282123327 0.022078996099999762 0.030072866075913626 0.021965697887831412 0.025905983769704162 0.041893723721531891 0.038044976037606738 0.030051106061692874 0.030051106061692874 0.02205723608577901 0.0060694961339512864 0 0 0 0 0 0 0 0 0 0 0 0 0 0 0 0 0 0 0 0 
0 0 0.0013571899333024171 0.0013571899333024171 0.0013571899333024171 0.0013571899333024171 0.0027143798666048342 0.0027143798666048342 0.0027143798666048342 0.0027143798666048342 0.0027143798666048342 0.0013571899333024171 0 0 0.0081071681880822179 0.0081071681880822179 0.0081071681880822179 0.0081071681880822179 0.012160752282123327 0.0040535840940411089 0.013971827911917548 0.021965697887831412 0.03795343783965914 0.041893723721531891 0.057881463673359619 0.054032715989434467 0.046038846013520603 0.030051106061692874 0.02205723608577901 0.0060694961339512864 0 0 0 0 0 0 0 0 0 0 0 0 0 0 0 0 0 0 0 0 
0 0 0.0013571899333024171 0.0027143798666048342 0.0027143798666048342 0.0027143798666048342 0.0040715697999072513 0.0040715697999072513 0.0027143798666048342 0.0027143798666048342 0.0027143798666048342 0.0013571899333024171 0 0 0.0081071681880822179 0.0081071681880822179 0.0081071681880822179 0.0081071681880822179 0.0081071681880822179 0 0.0099182438178764386 0.017912113793790301 0.033899853745618026 0.033899853745618026 0.049887593697445755 0.046038846013520603 0.038044976037606738 0.02205723608577901 0.02205723608577901 0.0060694961339512864 0 0 0 0 0 0 0 0 0 0 0 0 0 0 0 0 0 0 0 0 
0 0 0.0013571899333024171 0.0027143798666048342 0.0054287597332096683 0.0054287597332096683 0.0067859496665120854 0.0067859496665120854 0.0054287597332096683 0.0027143798666048342 0.0027143798666048342 0.0013571899333024171 0 0 0 0 0 0 0 0 0.0099182438178764386 0.017912113793790301 0.033899853745618026 0.033899853745618026 0.033899853745618026 0.030051106061692874 0.02205723608577901 0.0060694961339512864 0.0060694961339512864 0.0060694961339512864 0 0 0 0 0 0 0 0 0 0 0 0 0 0 0 0 0 0 0 0 
0 0 0.0013571899333024171 0.0027143798666048342 0.0054287597332096683 0.0081431395998145025 0.0095003295331169205 0.0095003295331169205 0.0081431395998145025 0.0054287597332096683 0.0027143798666048342 0.0013571899333024171 0 0 0 0 0 0 0 0 0 0.0079938699759138625 0.023981609927741586 0.023981609927741586 0.023981609927741586 0.023981609927741586 0.015987739951827725 0 0 0 0 0 0 0 0 0 0 0 0 0 0 0 0 0 0 0 0 0 0 0 
0 0 0.0013571899333024171 0.0027143798666048342 0.0054287597332096683 0.0081431395998145025 0.0081431395998145025 0.0081431395998145025 0.0067859496665120854 0.0040715697999072513 0.0013571899333024171 0.0013571899333024171 0 0 0 0 0 0 0 0 0 0 0.015987739951827725 0.015987739951827725 0.015987739951827725 0.015987739951827725 0.015987739951827725 0 0 0 0 0 0 0 0 0 0 0 0 0 0 0 0 0 0 0 0 0 0 0 
0 0 0 0.0013571899333024171 0.0040715697999072513 0.0067859496665120854 0.0067859496665120854 0.0067859496665120854 0.0054287597332096683 0.0027143798666048342 0 0 0 0 0 0 0 0 0 0 0 0 0 0 0 0 0 0 0 0 0 0 0 0 0 0 0 0 0 0 0 0 0 0 0 0 0 0 0 0 
0 0 0 0 0.0027143798666048342 0.0054287597332096683 0.0054287597332096683 0.0054287597332096683 0.0054287597332096683 0.0027143798666048342 0 0 0 0 0 0 0 0 0 0 0 0 0 0 0 0 0 0 -0.0070515962854768984 -0.0070515962854768984 -0.0070515962854768984 -0.0070515962854768984 -0.0070515962854768984 0 0 0 0 0 0 0 0 0 0 0 0 0 0 0 0 0 
0 0 0 0 0 0.0027143798666048342 0.0027143798666048342 0.0027143798666048342 0.0027143798666048342 0.0027143798666048342 0 0 0 0 0 0 0 0 0 0 0 0 0 0 0 0 0 0 -0.0070515962854768984 -0.021154788856430694 -0.021154788856430694 -0.021154788856430694 -0.021154788856430694 -0.014103192570953797 0 0 0 0 0 0 0 0 0 0 0 0 0 0 0 0 
0 0 0 0 0 0 0 0 0 0 0 0 0 0 0 0 0 0 0 0 -0.011072498626564543 -0.011072498626564543 -0.011072498626564543 -0.011072498626564543 -0.011072498626564543 0 0 0 -0.0070515962854768984 -0.021154788856430694 -0.03525798142738449 -0.03525798142738449 -0.03525798142738449 -0.028206385141907594 -0.014103192570953797 0 0 0 0 0 0 0 0 0 0 0 0 0 0 0 
0 0 0 0 0 0 0 0 0 0 0 0 0 0 0 0 0 0 0 0 -0.011072498626564543 -0.022144997253129087 -0.022144997253129087 -0.022144997253129087 -0.022144997253129087 -0.011072498626564543 0 0 -0.0070515962854768984 -0.021154788856430694 -0.03525798142738449 -0.042309577712861389 -0.042309577712861389 -0.03525798142738449 -0.021154788856430694 -0.0070515962854768984 0 0 0 0 0 0.0097699057695233883 0.0097699057695233883 0.0097699057695233883 0.0097699057695233883 0.0097699057695233883 0 0 0 0 
0 0 0.0079364621407824239 0.0079364621407824239 0.0079364621407824239 0.0079364621407824239 0.0079364621407824239 0 0 0 0 0 0 0 0 0 0 -0.011072498626564543 -0.011072498626564543 -0.011072498626564543 -0.022144997253129087 -0.03321749587969363 -0.03321749587969363 -0.03321749587969363 -0.03321749587969363 -0.022144997253129087 -0.011072498626564543 -0.0070515962854768984 -0.014103192570953797 -0.028206385141907594 -0.042309577712861389 -0.049361173998338288 -0.049361173998338288 -0.042309577712861389 -0.028206385141907594 -0.014103192570953797 -0.0070515962854768984 0 0 0 0 0.0097699057695233883 0.029309717308570165 0.029309717308570165 0.029309717308570165 0.029309717308570165 0.019539811539046777 0 0 0 
0 0 0.0079364621407824239 0.015872924281564848 0.015872924281564848 0.015872924281564848 0.015872924281564848 0.0079364621407824239 0 0 0 0 0 0 0 0 0 -0.011072498626564543 -0.022144997253129087 -0.022144997253129087 -0.03321749587969363 -0.044289994506258173 -0.044289994506258173 -0.03321749587969363 -0.03321749587969363 -0.022144997253129087 -0.011072498626564543 -0.0070515962854768984 -0.0070515962854768984 -0.021154788856430694 -0.03525798142738449 -0.042309577712861389 -0.042309577712861389 -0.042309577712861389 -0.028206385141907594 -0.014103192570953797 -0.0070515962854768984 0 0 0 0 0.0097699057695233883 0.029309717308570165 0.039079623078093553 0.039079623078093553 0.039079623078093553 0.029309717308570165 0.0097699057695233883 0 0 
0 0 0.0079364621407824239 0.015872924281564848 0.031745848563129696 0.031745848563129696 0.031745848563129696 0.02380938642234727 0.015872924281564848 0 0 0 0 0 0 0 0 -0.011072498626564543 -0.022144997253129087 -0.044289994506258173 -0.055362493132822717 -0.06643499175938726 -0.06643499175938726 -0.055362493132822717 -0.03321749587969363 -0.022144997253129087 -0.011072498626564543 -0.0070515962854768984 -0.0070515962854768984 -0.0070515962854768984 -0.021154788856430694 -0.028206385141907594 -0.028206385141907594 -0.028206385141907594 -0.028206385141907594 -0.014103192570953797 -0.0070515962854768984 0 0 0.0097699057695233883 0.0097699057695233883 0.019539811539046777 0.039079623078093553 0.048849528847616938 0.048849528847616938 0.048849528847616938 0.039079623078093553 0.019539811539046777 0.0097699057695233883 0 
0 0 0.0079364621407824239 0.015872924281564848 0.031745848563129696 0.047618772844694547 0.047618772844694547 0.039682310703912121 0.031745848563129696 0.015872924281564848 0 0 0 0 0 0 0 -0.011072498626564543 -0.022144997253129087 -0.044289994506258173 -0.055362493132822717 -0.06643499175938726 -0.06643499175938726 -0.055362493132822717 -0.03321749587969363 -0.022144997253129087 -0.011072498626564543 -0.0070515962854768984 -0.0070515962854768984 -0.0070515962854768984 -0.0070515962854768984 -0.014103192570953797 -0.014103192570953797 -0.014103192570953797 -0.014103192570953797 -0.014103192570953797 -0.0070515962854768984 0 0 0.0097699057695233883 0.029309717308570165 0.039079623078093553 0.058619434617140323 0.068389340386663708 0.068389340386663708 0.048849528847616938 0.039079623078093553 0.019539811539046777 0.0097699057695233883 0 
0 0 0.0079364621407824239 0.015872924281564848 0.031745848563129696 0.047618772844694547 0.055555234985476973 0.047618772844694547 0.039682310703912121 0.02380938642234727 0.0079364621407824239 0 0 0 0 0 0 -0.011072498626564543 -0.022144997253129087 -0.044289994506258173 -0.055362493132822717 -0.055362493132822717 -0.055362493132822717 -0.044289994506258173 -0.022144997253129087 -0.011072498626564543 -0.011072498626564543 -0.0070515962854768984 -0.0070515962854768984 -0.0070515962854768984 -0.0070515962854768984 -0.0070515962854768984 -0.0070515962854768984 -0.0070515962854768984 -0.0070515962854768984 -0.0070515962854768984 -0.0070515962854768984 0 0 0.0097699057695233883 0.029309717308570165 0.029309717308570165 0.048849528847616938 0.058619434617140323 0.058619434617140323 0.039079623078093553 0.039079623078093553 0.019539811539046777 0.0097699057695233883 0 
0 0 0.0079364621407824239 0.015872924281564848 0.031745848563129696 0.047618772844694547 0.055555234985476973 0.053331839273770949 0.045395377132988524 0.029522452851423672 0.013649528569858826 0.0057130664290764022 0 0 0 0 0 0 -0.011072498626564543 -0.03321749587969363 -0.044289994506258173 -0.044289994506258173 -0.044289994506258173 -0.03321749587969363 -0.011072498626564543 0 0 -0.010058673079164825 -0.010058673079164825 -0.010058673079164825 -0.010058673079164825 -0.010058673079164825 0 0 0 0 0 0 0 0.0097699057695233883 0.029309717308570165 0.029309717308570165 0.029309717308570165 0.039079623078093553 0.039079623078093553 0.019539811539046777 0.019539811539046777 0.019539811539046777 0.0097699057695233883 0 
0 0 0.0079364621407824239 0.0079364621407824239 0.02380938642234727 0.039682310703912121 0.047618772844694547 0.045395377132988524 0.051108443562064926 0.035235519280500074 0.01936259499893523 0.011426132858152804 0.0057130664290764022 0 0 0 0 0 -0.0088623829580428675 -0.031007380211171956 -0.042079878837736499 -0.042079878837736499 -0.042079878837736499 -0.03321749587969363 -0.011072498626564543 0 0 -0.010058673079164825 -0.020117346158329649 -0.020117346158329649 -0.020117346158329649 -0.020117346158329649 -0.010058673079164825 0 0 0 0 0 0 0.0097699057695233883 0.029309717308570165 0.029309717308570165 0.029309717308570165 0.029309717308570165 0.029309717308570165 0.0097699057695233883 0.0097699057695233883 0.0097699057695233883 0.0097699057695233883 0 
0 0 0.0079364621407824239 0.0079364621407824239 0.0079364621407824239 0.02380938642234727 0.031745848563129696 0.029522452851423672 0.035235519280500074 0.046661652138652886 0.030788727857088034 0.022852265716305609 0.017139199287229206 0.011426132858152804 0 0 0 0 -0.0088623829580428675 -0.026587148874128601 -0.037659647500693151 -0.037659647500693151 -0.037659647500693151 -0.028797264542650282 -0.011072498626564543 0 0 -0.010058673079164825 -0.020117346158329649 -0.040234692316659298 -0.040234692316659298 -0.040234692316659298 -0.030176019237494474 -0.020117346158329649 0 0 0 0 0 0 0.019539811539046777 0.019539811539046777 0.019539811539046777 0.019539811539046777 0.019539811539046777 0 0 0 0 0 
0 0 0.0079364621407824239 0.0079364621407824239 0.0079364621407824239 0.01936259499893523 0.027299057139717656 0.025075661428011632 0.030788727857088034 0.042214860715240839 0.030788727857088034 0.022852265716305609 0.017139199287229206 0.011426132858152804 0 0 0 0 -0.0088623829580428675 -0.026587148874128601 -0.044311914790214339 -0.044311914790214339 -0.044311914790214339 -0.03544953183217147 -0.017724765916085735 0 0 -0.010058673079164825 -0.020117346158329649 -0.040234692316659298 -0.060352038474988948 -0.060352038474988948 -0.050293365395824123 -0.040234692316659298 -0.020117346158329649 0 0 0 0 0 0.0098606394416167302 0.0098606394416167302 0.0098606394416167302 0.0098606394416167302 0.0098606394416167302 0 0 0 0 0 
0 0 0.0079364621407824239 0.0079364621407824239 0.0079364621407824239 0.01936259499893523 0.025075661428011632 0.022852265716305609 0.028565332145382011 0.039991465003534815 0.028565332145382011 0.022852265716305609 0.017139199287229206 0.011426132858152804 0 0 0 0 -0.0088623829580428675 -0.026587148874128601 -0.044311914790214339 -0.053174297748257209 -0.053174297748257209 -0.044311914790214339 -0.026587148874128601 -0.0088623829580428675 0 -0.010058673079164825 -0.020117346158329649 -0.040234692316659298 -0.060352038474988948 -0.070410711554153765 -0.060352038474988948 -0.050293365395824123 -0.030176019237494474 -0.010058673079164825 0 0 0 0 0.0098606394416167302 0.014790959162425095 0.014790959162425095 0.014790959162425095 0.014790959162425095 0.0049303197208083651 0 0 0 0 
0 0 0 0 0 0.011426132858152804 0.017139199287229206 0.022852265716305609 0.028565332145382011 0.039991465003534815 0.028565332145382011 0.022852265716305609 0.017139199287229206 0.011426132858152804 0 0 0 -0.024442027793174621 -0.033304410751217484 -0.051029176667303222 -0.068753942583388961 -0.07761632554143183 -0.053174297748257209 -0.044311914790214339 -0.026587148874128601 -0.0088623829580428675 0 0 -0.010058673079164825 -0.030176019237494474 -0.050293365395824123 -0.060352038474988948 -0.070410711554153765 -0.060352038474988948 -0.040234692316659298 -0.020117346158329649 -0.010058673079164825 0 0 0 0.0098606394416167302 0.014790959162425095 0.024651598604041827 0.024651598604041827 0.024651598604041827 0.014790959162425095 0.0098606394416167302 0 0 0 
0 0 0 0 0 0.011426132858152804 0.017139199287229206 0.022852265716305609 0.022852265716305609 0.034278398574458413 0.022852265716305609 0.017139199287229206 0.011426132858152804 0.011426132858152804 0 0 0 -0.024442027793174621 -0.027800658731719066 -0.045525424647804805 -0.063250190563890529 -0.072112573521933399 -0.047670545728758784 -0.044311914790214339 -0.026587148874128601 -0.0088623829580428675 0 0 0 -0.020117346158329649 -0.040234692316659298 -0.050293365395824123 -0.060352038474988948 -0.060352038474988948 -0.040234692316659298 -0.020117346158329649 -0.010058673079164825 0 0 0 0.0098606394416167302 0.014790959162425095 0.024651598604041827 0.029581918324850194 0.029581918324850194 0.01972127888323346 0.014790959162425095 0.0049303197208083651 0 0 
0 0 0 0 0 0.011426132858152804 0.017139199287229206 0.022852265716305609 0.022852265716305609 0.022852265716305609 0.011426132858152804 0.0057130664290764022 0 0 -0.00055657626482628994 -0.00055657626482628994 -0.00055657626482628994 -0.02499860405800091 -0.028357234996545355 -0.034517920608807956 -0.052242686524893694 -0.061105069482936564 -0.036663041689761935 -0.033304410751217491 -0.026587148874128601 -0.0088623829580428675 0 0 0 0 -0.020117346158329649 -0.030176019237494474 -0.040234692316659298 -0.040234692316659298 -0.040234692316659298 -0.020117346158329649 -0.010058673079164825 0 0 0 0.0098606394416167302 0.014790959162425095 0.024651598604041827 0.029581918324850194 0.039442557766466928 0.029581918324850194 0.024651598604041827 0.014790959162425095 0.0098606394416167302 0 
0 0 0 0 0 0 0.0057130664290764022 0.011426132858152804 0.011426132858152804 0.011426132858152804 0.011426132858152804 0.0057130664290764022 0 0 -0.00055657626482628994 -0.0016697287944788699 -0.0016697287944788699 -0.026111756587653492 -0.029470387526197937 -0.035631073138460534 -0.041235182485896839 -0.050097565443939708 -0.025655537650765087 -0.022296906712220642 -0.015579644835131756 -0.0088623829580428675 0 0 0 0 0 -0.010058673079164825 -0.020117346158329649 -0.020117346158329649 -0.020117346158329649 -0.020117346158329649 -0.010058673079164825 0 0 0 0 0.0049303197208083651 0.014790959162425095 0.01972127888323346 0.029581918324850194 0.029581918324850194 0.024651598604041827 0.014790959162425095 0.0098606394416167302 0 
0 0 0 0 0 0 0 0.0057130664290764022 0.0057130664290764022 0.0057130664290764022 0.0057130664290764022 0.0057130664290764022 0 0 -0.00055657626482628994 -0.0016697287944788699 -0.0055849359978496042 -0.030026963791024226 -0.033385594729568674 -0.039546280341831268 -0.045150389689267573 -0.041235182485896839 -0.016793154692722218 -0.013434523754177774 -0.0067172618770888872 0 0 0 0 0 0 0 -0.010058673079164825 -0.010058673079164825 -0.010058673079164825 -0.010058673079164825 -0.010058673079164825 0 0 0 0 0 0.0098606394416167302 0.014790959162425095 0.024651598604041827 0.024651598604041827 0.024651598604041827 0.014790959162425095 0.0098606394416167302 0 
0 0 0 0 0 0 0 0 0 0 0 0 0 0 -0.00055657626482628994 -0.0016697287944788699 -0.0055849359978496042 -0.0066980885275021839 -0.010056719466046627 -0.016217405078309224 -0.021821514425745529 -0.017906307222374795 -0.016793154692722218 -0.013434523754177774 -0.0067172618770888872 0 0 0 0 0 0 0 0 0 0 0 0 0 0 0 0 0 0 0.0049303197208083651 0.014790959162425095 0.014790959162425095 0.014790959162425095 0.014790959162425095 0.0098606394416167302 0 
0 0 0 0 0 0 0 0 0 0 0 0 0 0 -0.00055657626482628994 -0.0016697287944788699 -0.0055849359978496042 -0.0066980885275021839 -0.0072546647923284729 -0.013415350404591074 -0.01901945975202738 -0.015104252548656646 -0.013991100019004065 -0.013434523754177774 -0.0067172618770888872 0 0 0 0 0 0 0 0 0 0 0 0 0 0 0 0 0 0 0 0.0098606394416167302 0.0098606394416167302 0.0098606394416167302 0.0098606394416167302 0.0098606394416167302 0 
0 0 0 0 0 0 0 0 0 0 0 0 0 0 -0.00055657626482628994 -0.0016697287944788699 -0.0055849359978496042 -0.0066980885275021839 -0.0072546647923284729 -0.0066980885275021839 -0.012302197874938492 -0.0083869906715677584 -0.007273838141915177 -0.0067172618770888872 -0.0067172618770888872 0 0 0 0 0 0 0 0 0 0 0 0 0 0 0 0 0 0 0 0 0 0 0 0 0 
