0 0 0 0 -0.0018035905192576825 -0.0054107715577730474 -0.0054107715577730474 -0.0072143620770307301 -0.009017952596288412 -0.009017952596288412 -0.0054107715577730474 -0.0054107715577730474 -0.003607181038515365 -0.0018035905192576825 0 0 0 0 0 0 0 0 0 0 0 0 0 0 0 0 0 0 0 0 0 0 0 0 0 0 0 0 0 0 0 0 0 0 0 0 
0 0 0 0 -0.0018035905192576825 -0.0054107715577730474 -0.0072143620770307301 -0.009017952596288412 -0.010821543115546095 -0.010821543115546095 -0.0072143620770307301 -0.0054107715577730474 -0.003607181038515365 -0.0018035905192576825 0 0 0 0 0 0 0 0 0 0 0 0 0 0 0 0 0 0 0 0 0 0 0 0 0 0 0 0 0 0 0 0 0 0 0 0 
0 0 0 0 -0.0018035905192576825 -0.0054107715577730474 -0.0072143620770307301 -0.009017952596288412 -0.010821543115546095 -0.010821543115546095 -0.0072143620770307301 -0.0054107715577730474 -0.003607181038515365 -0.0018035905192576825 0 0 0 0 0 0 0 0 0 0 0 0 0 0 0 0 0 0 0 0 0 0 0 0 0 0 0 0 0 0 0 0 0 0 0 0 
0 0 0 0 -0.0018035905192576825 -0.0054107715577730474 -0.0072143620770307301 -0.009017952596288412 -0.009017952596288412 -0.009017952596288412 -0.0054107715577730474 -0.003607181038515365 -0.0018035905192576825 -0.0018035905192576825 0 0 0 0 0 0 0 0 0 0 0 0 0 0 0 0 0 0 0 0 0 0 0 0 0 0 0 0 0 0 0 0 0 0 0 0 
0 0 0 0 0 -0.003607181038515365 -0.0054107715577730474 -0.0072143620770307301 -0.0072143620770307301 -0.0072143620770307301 -0.003607181038515365 -0.0018035905192576825 0 0 0 0 0 0 0 0 0 0 0 0 0 0 0 0 0 0 0 0 0 0 0 0 0 0 0 0 0 0 0 0 0 0 0 0 0 0 
0 0 0 0 0 -0.014551082327070071 -0.016354672846327752 -0.018158263365585434 -0.018158263365585434 -0.018158263365585434 -0.003607181038515365 -0.0018035905192576825 0 0 0 0 0 0 0 0 0 0 0 0 0 0 0 0 0 0 0 0 0 0 0 0 0 0 0 0 0 0 0 0 0 0 0 0 0 0 
0 0 0 0 0 -0.014551082327070071 -0.021826623490605105 -0.023630214009862788 -0.023630214009862788 -0.023630214009862788 -0.0090791316827927172 -0.0018035905192576825 0 0 0 0 0 0 0 0 0 0 0 0 0 0 0 0 0 0 0 0 0 0 0 0 0 0 0 0 0 0 0 0 0 0 0 0 0 0 
0 0 -0.014551082327070071 -0.014551082327070071 -0.014551082327070071 -0.029102164654140141 -0.036377705817675174 -0.021826623490605105 -0.021826623490605105 -0.021826623490605105 -0.0072755411635350353 0 0 0 0 0 0 0 0 0 0 0 0 0 0 0 0 0 0 0 0 0 0 0 0 0 0 0 0 0 0 0 -0.016018864323195294 -0.016018864323195294 -0.016018864323195294 -0.016018864323195294 -0.016018864323195294 0 0 0 
0 0 -0.014551082327070071 -0.021826623490605105 -0.021826623490605105 -0.036377705817675174 -0.04365324698121021 -0.029102164654140141 -0.021826623490605105 -0.021826623490605105 -0.0072755411635350353 0 0 0 0 0 0 0 0 0 0 0 0 0 0 0 0 0 0 0 0 0 0 0 0 0 0 0 0 0 0 0 -0.016018864323195294 -0.02402829648479294 -0.02402829648479294 -0.02402829648479294 -0.02402829648479294 -0.0080094321615976471 0 0 
-0.013001015777189658 -0.013001015777189658 -0.02755209810425973 -0.034827639267794766 -0.036377705817675174 -0.050928788144745246 -0.058204329308280282 -0.04365324698121021 -0.036377705817675174 -0.021826623490605105 -0.0072755411635350353 0 0 0 0 0 0 0 0 0 0 0 0 0 0 0 0 0 0 0 0 0 0 0 0 0 0 0 0 0 0 0 -0.016018864323195294 -0.02402829648479294 -0.040047160807988237 -0.040047160807988237 -0.040047160807988237 -0.02402829648479294 -0.016018864323195294 0 
-0.039003047331568973 -0.039003047331568973 -0.053554129658639045 -0.060829670822174081 -0.062379737372054496 -0.036377705817675174 -0.04365324698121021 -0.029102164654140141 -0.021826623490605105 -0.0072755411635350353 -0.0072755411635350353 0 0 0 0 0 0 0 0 0 0 0 0 0 0 0 0 0 0 0 0 0 0 0 0 0 0 0 0 0 0 0 -0.016018864323195294 -0.02402829648479294 -0.040047160807988237 -0.056066025131183535 -0.056066025131183535 -0.040047160807988237 -0.032037728646390588 -0.016018864323195294 
-0.039003047331568973 -0.05200406310875863 -0.066555145435828703 -0.073830686599363732 -0.075380753149244153 -0.049378721594864831 -0.036377705817675174 -0.021826623490605105 -0.014551082327070071 0 0 0 0 0 0 0 0 0 0 0 0 0 0 0 0 0 0 0 0 0 0 0 0 0 0 0 0 0 0 0 0 -0.0080094321615976471 -0.02402829648479294 -0.032037728646390588 -0.048056592969585886 -0.064075457292781177 -0.056066025131183535 -0.040047160807988237 -0.032037728646390588 -0.016018864323195294 
-0.039003047331568973 -0.05200406310875863 -0.078006094663137931 -0.085281635826672975 -0.086831702376553382 -0.060829670822174081 -0.047828655044984424 -0.021826623490605105 -0.014551082327070071 0 0 0 0 0 0 0 0 0 0 0 0 0 0 0 0 0 0 0 0 0 0 0 0 0 0 0 0 0 0 0 0 -0.0080094321615976471 -0.0080094321615976471 -0.016018864323195294 -0.032037728646390588 -0.048056592969585886 -0.040047160807988237 -0.040047160807988237 -0.032037728646390588 -0.016018864323195294 
-0.039003047331568973 -0.05200406310875863 -0.078006094663137931 -0.091007110440327582 -0.092557176990208018 -0.066555145435828703 -0.053554129658639045 -0.02755209810425973 -0.014551082327070071 0 0 0 0 0 0 0 0 0 0 0 0 0 0 0 0 0 0 0 0 0 0 0 0 0 0 0 0 0 0 0 0 -0.0080094321615976471 -0.0080094321615976471 -0.0080094321615976471 -0.02402829648479294 -0.040047160807988237 -0.032037728646390588 -0.032037728646390588 -0.032037728646390588 -0.016018864323195294 
-0.039003047331568973 -0.05200406310875863 -0.078006094663137931 -0.091007110440327582 -0.078006094663137931 -0.05200406310875863 -0.039003047331568973 -0.013001015777189658 0 0 0 0 0 0 0 0 0 0 0 0 0 0 0 0 0 0 0 0 0 0 0 0 0 0 0 0 0 0 0 0 0 -0.0080094321615976471 -0.0080094321615976471 -0.0080094321615976471 -0.037934764628269307 -0.053953628951464605 -0.045944196789866956 -0.045944196789866956 -0.045944196789866956 -0.026525277547788641 
-0.013001015777189658 -0.026002031554379315 -0.05200406310875863 -0.065005078885948281 -0.05200406310875863 -0.05200406310875863 -0.039003047331568973 -0.013001015777189658 0 0 0 0 0 0 0 0 0 0 0 0 0 0 0 0 0 0 0 0 0 0 0 0 0 0 0 0 0 0 0 0 0 -0.0080094321615976471 -0.0080094321615976471 -0.0080094321615976471 -0.037934764628269307 -0.078366510319534316 -0.070357078157936667 -0.070357078157936667 -0.070357078157936667 -0.050938158915858359 
-0.013001015777189658 -0.013001015777189658 -0.039003047331568973 -0.05200406310875863 -0.039003047331568973 -0.039003047331568973 -0.039003047331568973 -0.013001015777189658 0 0 0 0 0 0 0 0 0 0 0 0 0 0 0 0 0 0 0 0 0 0 0 0 0 0 0 0 0 0 0 0 0 0 0 0 -0.029925332466671659 -0.070357078157936667 -0.090572951003569172 -0.090572951003569172 -0.090572951003569172 -0.071154031761490863 
-0.013001015777189658 -0.013001015777189658 -0.013001015777189658 -0.026002031554379315 -0.013001015777189658 -0.013001015777189658 -0.013001015777189658 -0.013001015777189658 0 0 0 0 0 0 0 0 0 0 0 0 0 0 0 0 0 0 0 0 0 0 0 0 0 0 0 0 0 0 0 0 0 0 0 0 -0.029925332466671659 -0.070357078157936667 -0.090572951003569172 -0.13100469669483417 -0.13100469669483417 -0.11158577745275587 
-0.013001015777189658 -0.013001015777189658 -0.013001015777189658 -0.013001015777189658 0 0 0 0 4.6882493758165176e-05 4.6882493758165176e-05 4.6882493758165176e-05 4.6882493758165176e-05 4.6882493758165176e-05 0 0 0 0 0 0 0 0 0 0 0 0 0 0 0 0 0 0 0 0 0 0 0 0 0 0 0 0 0 0 -0.009709459621039156 -0.039634792087710813 -0.080066537778975821 -0.10028241062460833 -0.14071415631587333 -0.14151110991942753 -0.12209219067734922 
0 0 0 0 0 0 0 0 4.6882493758165176e-05 0.00014064748127449553 0.00014064748127449553 0.00014064748127449553 0.00014064748127449553 9.3764987516330351e-05 0 0 0 0 0 0 0 0 0 0 0 0 0 0 0 0 0 0 0 0 0 0 0 0 0 0 0 0 0 -0.009709459621039156 -0.009709459621039156 -0.050141205312304163 -0.070357078157936667 -0.11078882384920168 -0.11158577745275587 -0.11158577745275587 
0 0 0 0 0 0 0 0 4.6882493758165176e-05 0.00014064748127449553 0.00023441246879082588 0.00023441246879082588 0.00023441246879082588 0.0001875299750326607 9.3764987516330351e-05 0 0 0 0 0 0.0027499033312917429 0.0027499033312917429 0.0027499033312917429 0.0027499033312917429 0.0027499033312917429 0 0 0 0 0 0 0 0 0 0 0 0 0 0 0 0 0 0 -0.009709459621039156 -0.009709459621039156 -0.009709459621039156 -0.029925332466671659 -0.070357078157936667 -0.071154031761490863 -0.071154031761490863 
0 0 0 0 0 0 0 0 4.6882493758165176e-05 0.00014064748127449553 0.00023441246879082588 0.00028129496254899105 0.00028129496254899105 0.00023441246879082588 0.00014064748127449553 4.6882493758165176e-05 0 0 0 0 0.0027499033312917429 0.0041248549969376148 0.0041248549969376148 0.0041248549969376148 0.0041248549969376148 0.0013749516656458714 0 0 0 0 0 0 0 0 0 0 0 0 0 0 0 0 0 -0.009709459621039156 -0.009709459621039156 -0.009709459621039156 -0.009709459621039156 -0.050141205312304163 -0.050938158915858359 -0.050938158915858359 
0 0 0 0 0 0 0 0 4.6882493758165176e-05 0.00014064748127449553 0.00023441246879082588 0.00028129496254899105 0.00037505995006532141 0.00032817745630715626 0.00023441246879082588 0.00014064748127449553 9.3764987516330351e-05 0 0 0 0.0027499033312917429 0.0041248549969376148 0.0068747583282293568 0.0068747583282293568 0.0068747583282293568 0.0041248549969376148 0.0027499033312917429 0 0 0 0 0 0 0 0 0 0 0 0 0 0 0 0 -0.009709459621039156 -0.009709459621039156 -0.009709459621039156 -0.009709459621039156 -0.009709459621039156 -0.010506413224593348 -0.010506413224593348 
0 0 0 0 0 0 0 0 0 9.3764987516330351e-05 0.0001875299750326607 0.00023441246879082588 0.00032817745630715626 0.00032817745630715626 0.00023441246879082588 0.00014064748127449553 9.3764987516330351e-05 0 0 0 0.0027499033312917429 0.0041248549969376148 0.0068747583282293568 0.0082497099938752278 0.0082497099938752278 0.0054998066625834858 0.0041248549969376148 0.0013749516656458714 -0.003928830679924957 -0.003928830679924957 -0.003928830679924957 -0.003928830679924957 -0.003928830679924957 0 0 0 0 0 0 0 0 0 0 0 0 0 0 0 0 0 
0 0 0 0 0 0 0 0 0 0 9.3764987516330351e-05 0.00014064748127449553 0.00023441246879082588 0.00023441246879082588 0.00023441246879082588 0.00014064748127449553 9.3764987516330351e-05 0 0 0.0013749516656458714 0.0041248549969376148 0.0054998066625834858 0.0082497099938752278 0.0096246616595210988 0.0096246616595210988 0.0068747583282293568 0.0054998066625834858 0.0027499033312917429 -0.0025538790142790855 -0.01178649203977487 -0.01178649203977487 -0.01178649203977487 -0.01178649203977487 -0.0078576613598499139 -0.0046855770702054099 -0.0046855770702054099 -0.0046855770702054099 -0.0046855770702054099 -0.0046855770702054099 0 0 0 0 0 0 0 0 0 0 0 
0 0 0 0 0 0 0 0 0 0 0 4.6882493758165176e-05 0.00014064748127449553 0.00014064748127449553 0.00014064748127449553 0.00014064748127449553 9.3764987516330351e-05 0 0 0.0013749516656458714 0.0013749516656458714 0.0027499033312917429 0.0054998066625834858 0.0068747583282293568 0.0068747583282293568 -0.00098290303162055755 -0.002357854697266429 -0.0051077580285581719 -0.010411540374128999 -0.019644153399624786 -0.019532944860756449 -0.019532944860756449 -0.019532944860756449 -0.015604114180831491 -0.012432029891186986 -0.0093711541404108197 -0.0093711541404108197 -0.0093711541404108197 -0.0093711541404108197 -0.0046855770702054099 0 0 0 0 0 0 0 0 0 0 
0 0 0 0 0 0 0 0 0 0 0 0 9.3764987516330351e-05 9.3764987516330351e-05 9.3764987516330351e-05 9.3764987516330351e-05 9.3764987516330351e-05 0 0 0.0013749516656458714 0.0013749516656458714 0.0013749516656458714 0.0041248549969376148 0.0054998066625834858 0.0054998066625834858 -0.002357854697266429 -0.006286685377191386 -0.009036588708483128 -0.014340371054053957 -0.023572984079549743 -0.023461775540681407 -0.027279397681738024 -0.027279397681738024 -0.023350567001813066 -0.020178482712168561 -0.017117606961392397 -0.011713942675513525 -0.011713942675513525 -0.011713942675513525 -0.0070283656053081144 -0.0023427885351027049 0 0 0 0 0 0 0 0 0 
0.0085261790830177993 0.0085261790830177993 0 0 0 0 0 0 0 0 0 0 0 0 0 0 0 0 0 0.0013749516656458714 0.0013749516656458714 0.0013749516656458714 0.0013749516656458714 0.0027499033312917429 0.0027499033312917429 -0.0051077580285581719 -0.009036588708483128 -0.024640702889314622 -0.029944485234885448 -0.039177098260381238 -0.039065889721512898 -0.042883511862569515 -0.035025850502719599 -0.031097019822794641 -0.027924935533150137 -0.024864059782373972 -0.0194603954964951 -0.016399519745718936 -0.016399519745718936 -0.011713942675513525 -0.0070283656053081144 -0.0046855770702054099 0 0 0 0 0 0 0 0 
0.017052358166035599 0.017052358166035599 0.0085261790830177993 0 0 0 0 0 0 0 0 0 0 0 0 0 0 0 0 0.0013749516656458714 0.0013749516656458714 0.0013749516656458714 0.0013749516656458714 0.0013749516656458714 0.0013749516656458714 -0.0064827096942040429 -0.010411540374128999 -0.026015654554960493 -0.033762107375942069 -0.042994720401437855 -0.042883511862569515 -0.046701134003626132 -0.038843472643776217 -0.031097019822794641 -0.027924935533150137 -0.024864059782373972 -0.0194603954964951 -0.016399519745718936 -0.018742308280821639 -0.01405673121061623 -0.0093711541404108197 -0.0070283656053081144 -0.0023427885351027049 0 0 0 0 0 0 0 
0.034104716332071197 0.034104716332071197 0.025578537249053398 0.017052358166035599 0 0 0 0 0 0 0 0 0 0 0 0 0 0 0 0 0 0 0 0 0 -0.0078576613598499139 -0.01178649203977487 -0.027390606220606364 -0.03513705904158794 -0.05062996468355109 -0.05051875614468275 -0.054336378285739367 -0.046478716925889452 -0.038732264104907876 -0.023239358462944726 -0.020178482712168561 -0.014774818426289691 -0.011713942675513525 -0.01405673121061623 -0.01405673121061623 -0.0093711541404108197 -0.0070283656053081144 -0.0023427885351027049 0 0 0 0 0 0 0 
0.051157074498106789 0.051157074498106789 0.042630895415088993 0.034104716332071197 0.017052358166035599 0 0 0 0 0 0 0 0 0 0 0 0 0 0 0 0 0 0 0 0 0 -0.003928830679924957 -0.019532944860756449 -0.027279397681738024 -0.042772303323701175 -0.05970676344358599 -0.063524385584642601 -0.055666724224792692 -0.047920271403811117 -0.032427365761847966 -0.015492905641963151 -0.010089241356084281 -0.0070283656053081144 -0.0093711541404108197 -0.0093711541404108197 -0.0093711541404108197 -0.0070283656053081144 -0.0023427885351027049 0 0 0 0 0 0 0 
0.051157074498106789 0.059683253581124585 0.051157074498106789 0.042630895415088993 0.025578537249053398 0.0085261790830177993 0 0 0 0 0 0 0 0 0 0 0 0 0 0 0 0 0 0 0 0 0 -0.015604114180831491 -0.023350567001813066 -0.038843472643776217 -0.055777932763661033 -0.073700008863535171 -0.065842347503685256 -0.05809589468270368 -0.04260298904074053 -0.025668528920855714 -0.0077464528209815753 -0.0046855770702054099 -0.0070283656053081144 -0.0070283656053081144 -0.0070283656053081144 -0.0070283656053081144 -0.0023427885351027049 0 0 0 0 0 0 0 
0.042630895415088993 0.051157074498106789 0.059683253581124585 0.051157074498106789 0.034104716332071197 0.017052358166035599 0.0085261790830177993 0 0 0 0 0 0 0 0 0 0 0 0 0 0 0 0 0 0 0 0 -0.017468137601941797 -0.025214590422923372 -0.040707496064886523 -0.057641956184771338 -0.075564032284645477 -0.076471909280510161 -0.068725456459528586 -0.053232550817565435 -0.036298090697680613 -0.018376014597806477 0 -0.0023427885351027049 -0.0023427885351027049 -0.0023427885351027049 -0.0023427885351027049 -0.0023427885351027049 0 0 0 0 0 0 0 
0.034104716332071197 0.042630895415088993 0.051157074498106789 0.051157074498106789 0.034104716332071197 0.017052358166035599 0.0085261790830177993 0 0 0 0 0 0 0 0 0 0 0 0 0 0 0 0 -0.011024089558158754 -0.011024089558158754 -0.011024089558158754 -0.011024089558158754 -0.028492227160100553 -0.026202206402912695 -0.041695112044875846 -0.058629572164760661 -0.0765516482646348 -0.077459525260499484 -0.077913463758431833 -0.062420558116468676 -0.045486097996583853 -0.027564021896709714 -0.0091880072989032387 0 0 0 0 0 0 0 0 0 0 0 0 
0.017052358166035599 0.025578537249053398 0.034104716332071197 0.034104716332071197 0.034104716332071197 0.017052358166035599 0.0085261790830177993 0 0 0 0 0 0 0 0 0 0 0 0 0 0 0 0 -0.011024089558158754 -0.033072268674476261 -0.033072268674476261 -0.033072268674476261 -0.050540406276418058 -0.048250385519230207 -0.062046358602660973 -0.078980818722545795 -0.096902894822419927 -0.097810771818284598 -0.098264710316216947 -0.062420558116468676 -0.045486097996583853 -0.027564021896709714 -0.0091880072989032387 0 0 0 0 0 0 0 0 0 0 0 0 
0 0.0085261790830177993 0.017052358166035599 0.017052358166035599 0.017052358166035599 0.017052358166035599 0.0085261790830177993 0 0 0 0 0 0 0 0 0 0 0 0 0 0 0 0 -0.011024089558158754 -0.033072268674476261 -0.055120447790793774 -0.055120447790793774 -0.072588585392735563 -0.070298564635547706 -0.084094537718978485 -0.088702503503506017 -0.10662457960338015 -0.10753245659924482 -0.10798639509717717 -0.072142242897428904 -0.045486097996583853 -0.027564021896709714 -0.0091880072989032387 0 0 0 0 0 0 0 0 0 0 0 0 
0 0 0.0085261790830177993 0.0085261790830177993 0.0085261790830177993 0.0085261790830177993 0.0085261790830177993 0 0 0 0 0 0 0 0 0 0 0 0 0 0 0 0 -0.011024089558158754 -0.033072268674476261 -0.055120447790793774 -0.066144537348952523 -0.08361267495089432 -0.081322654193706462 -0.095118627277137241 -0.099726593061664773 -0.088702503503506017 -0.089610380499370687 -0.090064318997303022 -0.054220166797554759 -0.027564021896709714 -0.027564021896709714 -0.0091880072989032387 0 0 0 0 0 0 0 0 0 0 0 0 
0 0 0 0 0 0 0 0 0 0 0 0 0 0 0 0 0 0 0 0 0 0 0 -0.011024089558158754 -0.033072268674476261 -0.055120447790793774 -0.066144537348952523 -0.088192716465270035 -0.085902695708082177 -0.099698668791512957 -0.10430663457604049 -0.093282545017881732 -0.07123436590156422 -0.071688304399496555 -0.035844152199748278 -0.0091880072989032387 -0.0091880072989032387 -0.0091880072989032387 0 0 0 0 0 0 0 0 0 0 0 0 
0 0 0 0 0 0 0 0 0 0 0 0 0 0 0 0 0 0 0 0 0 0 0 0 -0.022048179116317509 -0.044096358232635018 -0.055120447790793774 -0.077168626907111279 -0.077168626907111279 -0.090964599990542044 -0.09557256577506959 -0.084548476216910834 -0.062500297100593322 -0.062500297100593322 -0.026656144900845037 0 0 0 0 0 0 0 0 0 0 0 0 0 0 0 
0 0 0 0 0 0 0 0 0 0.0014352876604261891 0.0014352876604261891 0.0014352876604261891 0.0014352876604261891 0.0014352876604261891 0 0 0 0 0 0 0 0 0 0 0 -0.022048179116317509 -0.033072268674476261 -0.055120447790793774 -0.055120447790793774 -0.055120447790793774 -0.059728413575321306 -0.048704324017162549 -0.026656144900845037 -0.026656144900845037 -0.026656144900845037 0 0 0 0 0 0 0 0 0 0.0071153429087412699 0.0071153429087412699 0.0071153429087412699 0.0071153429087412699 0.0071153429087412699 0 
0 0 0 0 0 0 0 0 0 0.0014352876604261891 0.0043058629812785677 0.0043058629812785677 0.0043058629812785677 0.0043058629812785677 0.0028705753208523783 0 0 0 0 0 0 0 0 0 0 0 -0.011024089558158754 -0.033072268674476261 -0.033072268674476261 -0.033072268674476261 -0.033072268674476261 -0.022048179116317509 0 0 0 0 0 0 0 0 0 0 0 0 0.0071153429087412699 0.02134602872622381 0.02134602872622381 0.02134602872622381 0.02134602872622381 0.01423068581748254 
0 0 0 0 0 0 0 0 0 0.0014352876604261891 0.0043058629812785677 0.0057411506417047566 0.0057411506417047566 0.0057411506417047566 0.0043058629812785677 0.0014352876604261891 0 0 0 0 0 0 0 0 0 0 0 -0.022048179116317509 -0.022048179116317509 -0.022048179116317509 -0.022048179116317509 -0.022048179116317509 0 0 0 0 0 0 0 0 0 0 0 0 0.0071153429087412699 0.02134602872622381 0.02846137163496508 0.02846137163496508 0.02846137163496508 0.02134602872622381 
0 0 0 0 0 0 0 0.0028705753208523783 0.0028705753208523783 0.0043058629812785677 0.0071764383021309455 0.0086117259625571353 0.0057411506417047566 0.0057411506417047566 0.0043058629812785677 0.0014352876604261891 0 0 0 0 0 0 0 0 0 0 0 0 0 0 0 0 0 0 0 0 0 0 0 0 0 0 0.01423068581748254 0.01423068581748254 0.02134602872622381 0.035576714543706353 0.042692057452447627 0.02846137163496508 0.02846137163496508 0.02134602872622381 
0 0 0 0 0 0 0 0.0028705753208523783 0.0043058629812785677 0.0057411506417047566 0.0086117259625571353 0.010047013622983325 0.0071764383021309455 0.0057411506417047566 0.0043058629812785677 0.0014352876604261891 0 0 0 0 0 0 0 0 0 0 0 0 0 0 0 0 0 0 0 0 0 0 0 0 0 0 0.01423068581748254 0.02134602872622381 0.02846137163496508 0.042692057452447627 0.0498074003611889 0.035576714543706353 0.02846137163496508 0.02134602872622381 
0 0 0 0 0 0 0 0.0028705753208523783 0.0043058629812785677 0.0057411506417047566 0.0086117259625571353 0.010047013622983325 0.0071764383021309455 0.0057411506417047566 0.0043058629812785677 0.0014352876604261891 0 0 0 0 0 0 0 0 0 0 0 0 0 0 0 0 0 0 -0.000549628100943066 -0.000549628100943066 -0.000549628100943066 -0.000549628100943066 -0.000549628100943066 0 0 0 0.01423068581748254 0.02134602872622381 0.02846137163496508 0.042692057452447627 0.0498074003611889 0.035576714543706353 0.02846137163496508 0.02134602872622381 
0 0 0 0 0 0 0 0.0028705753208523783 0.0043058629812785677 0.0057411506417047566 0.0057411506417047566 0.0071764383021309455 0.0043058629812785677 0.0028705753208523783 0.0014352876604261891 0.0014352876604261891 0 0 0 0 0 0 0 0 0 0 0 0 0 0 0.00048775469652483484 0.00048775469652483484 0.00048775469652483484 0.00048775469652483484 -6.1873404418231158e-05 -0.001099256201886132 -0.001099256201886132 -0.001099256201886132 -0.001099256201886132 -0.000549628100943066 0.0024257025231675944 0.0024257025231675944 0.016656388340650134 0.023771731249391404 0.030887074158132674 0.02846137163496508 0.035576714543706353 0.02134602872622381 0.01423068581748254 0.0071153429087412699 
0 0 0 0 0 0 0 0.0028705753208523783 0.0043058629812785677 0.0057411506417047566 0.0057411506417047566 0.0057411506417047566 0.0028705753208523783 0.0014352876604261891 0 0 0 0 0 0 0 0 0 0 0 0 0 0 0 0 0.00048775469652483484 0.00097550939304966969 0.00097550939304966969 0.00097550939304966969 0.00042588129210660369 -0.00061150150536129716 -0.001374070252357665 -0.001374070252357665 -0.001374070252357665 -0.00082444215141459906 0.0021508884726960612 0.0036385537847513916 0.017869239602233931 0.024984582510975201 0.032099925419716471 0.029674222896548877 0.02846137163496508 0.01423068581748254 0.0071153429087412699 0 
0 0 0 0 0 0 0 0 0.0014352876604261891 0.0028705753208523783 0.0028705753208523783 0.0028705753208523783 0.0028705753208523783 0.0014352876604261891 0 0 0 0 0 0 0 0 0 0 0 0 0 0 0 0 0.00048775469652483484 0.00097550939304966969 0.0019510187860993394 0.0019510187860993394 0.0014013906851562735 0.00036400788768837253 -0.00039856085930799532 -0.00071084709171693376 -0.00071084709171693376 -0.00016121899077386776 0.0028141116333367921 0.0043017769453921224 0.0048514050463351888 0.011966747955076459 0.019082090863817729 0.016656388340650134 0.015443537079066337 0.01423068581748254 0.0071153429087412699 0 
0 0 0 0 0 0 0 0 0 0.0014352876604261891 0.0014352876604261891 0.0014352876604261891 0.0014352876604261891 0.0014352876604261891 0 0 0 0 0 0 0 0 0 0 0 0 0 0 0 0 0.00048775469652483484 0.00097550939304966969 0.0019510187860993394 0.0024387734826241741 0.0018891453816811082 0.00085176258421320737 8.9193837216839527e-05 -0.00022309239519209892 0.00022719011939533053 0.0007768182203383967 0.0037521488444490561 0.0052398141565043865 0.0057894422574474528 0.0048514050463351888 0.011966747955076459 0.0095410454319088643 0.0083281941703250671 0.0071153429087412699 0.0071153429087412699 0 
0 0 0 0 0 0 0 0 0 0 0 0 0 0 0 0 0 0 0 0 0 0 0 0 0 0 0 0 0 0 0.00048775469652483484 0.00097550939304966969 0.0019510187860993394 0.0024387734826241741 0.0034142828756738436 0.002376900078205943 0.0016143313312095753 0.0013020450988006369 0.001752327613388066 0.0032025207435059906 0.0061778513676166505 0.0076655166796719808 0.0082151447806150472 0.0072771075695027831 0.0048514050463351888 0.0024257025231675944 0.0012128512615837972 0 0 0 
