-0.096117227737438748 -0.096117227737438748 -0.11706049777680413 -0.14033079782054345 -0.13745792127193365 -0.070069459020592834 -0.070069459020592834 -0.049126188981227448 -0.025855888937488133 0 0 0 0 0 0 0 0 0 0 0 0 0 0 0 0 0 0 0 0 0 0 0 0 0 0 0 0 0 0 0 0 0 0 0 0 0 0 0 0 0 
-0.096117227737438748 -0.11308127646932471 -0.13402454650869008 -0.1572948465524294 -0.1544219700038196 -0.087033507752478798 -0.070069459020592834 -0.049126188981227448 -0.025855888937488133 0 0 0 0 0 0 0 0 0 0 0 0 0 0 0 0 0 0 0 0 0 0 0 0 0 0 0 0 0 0 0 0 0 0 0 0 0 0 0 0 0 
-0.096117227737438748 -0.11308127646932471 -0.13193021950475356 -0.15520051954849284 -0.15232764299988305 -0.084939180748542259 -0.067975132016656295 -0.049126188981227448 -0.025855888937488133 0 0 0 0 0 0 0 0 0 0 0 0 0 0 0 0 0 0 0 0 0 0 0 0 0 0 0 0 0 0 0 0 0 0 0 0 0 0 0 0 0 
-0.096117227737438748 -0.11308127646932471 -0.13193021950475356 -0.13193021950475356 -0.12905734295614377 -0.061668880704802947 -0.044704831972916984 -0.025855888937488133 -0.025855888937488133 0 0 0 0 0 0 0 0 0 0 0 0 0 0 0 0 0 0 0 0 0 0 0 0 0 0 0 0 0 0 0 0 0 0 0 0 0 0 0 0 0 
-0.067388462251340819 -0.084352510983226783 -0.10320145401865563 -0.10320145401865563 -0.10320145401865563 -0.035812991767314811 -0.018848943035428847 0 0 0 0 0 0 0 0 0 0 0 0 0 0 0 0 0 0.077425787028104459 0.077425787028104459 0.077425787028104459 0.077425787028104459 0.077425787028104459 0 0 0 0 0 0 0 0 0 0 0 0 0 0 0 0 0 0 0 0 0 
0 -0.01696404873188596 -0.035812991767314811 -0.035812991767314811 -0.035812991767314811 -0.035812991767314811 -0.018848943035428847 0 0 0 0 0 0 0 0 0 0 0 0 0 0 0 0 0 0.077425787028104459 0.25904183067427544 0.25904183067427544 0.25904183067427544 0.25904183067427544 0.18161604364617095 0 0 0 0 0 0 0 0 0 0 -0.043219172905708994 -0.043219172905708994 -0.043219172905708994 -0.043219172905708994 -0.043219172905708994 0 0 0 0 0 
0 0 -0.018848943035428847 -0.018848943035428847 -0.018848943035428847 -0.018848943035428847 -0.018848943035428847 0 0 0 0 0 0 0 0 0 0 0 0 0 0 0.045719152982225397 0.045719152982225397 0.045719152982225397 0.12314494001032986 0.30476098365650084 0.25904183067427544 0.25904183067427544 0.25904183067427544 0.18161604364617095 0 0 0 0 0 0 0 0 0 0 -0.043219172905708994 -0.063890769327073604 -0.063890769327073604 -0.063890769327073604 -0.063890769327073604 -0.020671596421364607 0 0 0 0 
0 0 0 0 0 0 0 0 0 0 0 0 0 0 0 0 0 0 0 0 0 0.045719152982225397 0.15296161059485286 0.15296161059485286 0.23038739762295732 0.4120034412691283 0.3662842882869029 0.25904183067427544 0.25904183067427544 0.18161604364617095 0 0 0 0 0 0 0 0 0 0 -0.043219172905708994 -0.063890769327073604 -0.11237969920434861 -0.11237969920434861 -0.11237969920434861 -0.069160526298639613 -0.048488929877275003 0 0 0 
0 0 0 0 0 0 0 0 0 0 0 0 0 0 0 0 0 0 0 0 0 0.045719152982225397 0.15296161059485286 0.21567649808761746 0.29310228511572189 0.4747183287618929 0.42899917577966751 0.32175671816704005 0.25904183067427544 0.18161604364617095 0 0 0 0 0 0 0 0 0 0 -0.043219172905708994 -0.063890769327073604 -0.11237969920434861 -0.14073579854778426 -0.14073579854778426 -0.097516625642075291 -0.076845029220710681 -0.028356099343435671 0 0 
0 0 0 0 0 0 0 0 0 0 0 0 0 0 0 0 0 0 0 0 0 0.045719152982225397 0.15296161059485286 0.21567649808761746 0.28535970641291142 0.46697575005908243 0.42125659707685703 0.31401413946422957 0.25129925197146497 0.18161604364617095 0 0 0 0 0 0 0 0 0 0 -0.043219172905708994 -0.063890769327073604 -0.11237969920434861 -0.14073579854778426 -0.20725010564967039 -0.16403093274396138 -0.14335933632259679 -0.094870406445321798 -0.066514307101886133 0 
0 0 0 0 0 0 0 0 0 0 0 0 0 0 0 0 0 0 0 0 0 0.045719152982225397 0.15296161059485286 0.21567649808761746 0.28535970641291142 0.28535970641291142 0.23964055343068605 0.13239809581805859 0.069683208325293997 0 0 0 0 0 0 0 0 0 0 0 0 -0.020671596421364607 -0.069160526298639613 -0.097516625642075291 -0.16403093274396138 -0.20292818835909948 -0.18225659193773489 -0.1337676620604599 -0.10541156271702423 -0.038897255615138099 
0 0 0 0 0 0 0 0 0 0 0 0.0027220892168223309 0.0027220892168223309 0.0027220892168223309 0.0027220892168223309 0.0027220892168223309 0 0 0 0 0 0 0.10724245761262746 0.16995734510539207 0.23964055343068605 0.23964055343068605 0.23964055343068605 0.13239809581805859 0.069683208325293997 0 0 0 0 0 0 0 0 0 0 0 0 0 -0.048488929877275003 -0.076845029220710681 -0.14335933632259679 -0.18225659193773489 -0.18225659193773489 -0.1337676620604599 -0.10541156271702423 -0.038897255615138099 
0 0 0 0 0 0 0 0 0 0 0 0.0027220892168223309 0.0091072367624549597 0.0091072367624549597 0.0091072367624549597 0.0091072367624549597 0.0063851475456326284 0 0 0 0 0 0 0.06271488749276459 0.13239809581805859 0.13239809581805859 0.13239809581805859 0.13239809581805859 0.069683208325293997 0 0 0 0 0 0 0 0 0 0 0 0 0 0 -0.028356099343435671 -0.094870406445321798 -0.1337676620604599 -0.1337676620604599 -0.1337676620604599 -0.10541156271702423 -0.038897255615138099 
0 0 0 0 0 0 0 0 0 0 0 0.0027220892168223309 0.0091072367624549597 0.012841241175105621 0.012841241175105621 0.012841241175105621 0.010119151958283289 0.0037340044126506601 0 0 0 0 0 0 0.069683208325293997 0.069683208325293997 0.069683208325293997 0.069683208325293997 0.069683208325293997 0 0 0 0 0 0 0 0 0 0 0 0 0 0 0 -0.066514307101886133 -0.10541156271702423 -0.10541156271702423 -0.10541156271702423 -0.10541156271702423 -0.038897255615138099 
0 0 0 0 0 0 0 0 0 0.0046098819909267405 0.0046098819909267405 0.007331971207749071 0.013717118753381699 0.01745112316603236 0.016990134966939685 0.016990134966939685 0.014268045750117355 0.0078828982044847271 0.0041488937918340669 0 0 0 0 0 0 0 0 0 0 0 0 0 0 0 0 0 0 0 0 0 0 0 0 0 0 -0.038897255615138099 -0.038897255615138099 -0.038897255615138099 -0.038897255615138099 -0.038897255615138099 
-0.143095461443975 -0.143095461443975 -0.143095461443975 -0.143095461443975 -0.143095461443975 0 0 0 0 0.0046098819909267405 -0.012627806574902648 -0.0099057173580803168 -0.0035205698124476889 0.00021343460020297042 -0.00024755359888970147 0.016990134966939685 0.014268045750117355 0.0078828982044847271 0.0041488937918340669 0 0 0 0 0 0 0 0 0 0 0 0 0 0 0 0 0 0 0 0 0 -0.01220298204657139 -0.01220298204657139 -0.01220298204657139 -0.01220298204657139 -0.01220298204657139 0 0 0 0 0 
-0.143095461443975 -0.17911762755593436 -0.17911762755593436 -0.17911762755593436 -0.17911762755593436 -0.036022166111959346 0 0 0 0.0046098819909267405 -0.012627806574902648 -0.026044509091066717 -0.01965936154543409 -0.015925357132783431 -0.016386345331876103 0.00085134323395328476 0.014268045750117355 0.0078828982044847271 0.0041488937918340669 0 0 0 0 0 0 0 0 0 0 0 0 0 0 0 0 0 0 0 0 0 -0.01220298204657139 -0.018039630530202144 -0.018039630530202144 -0.018039630530202144 -0.018039630530202144 -0.0058366484836307525 0 0 0 0 
-0.143095461443975 -0.17911762755593436 -0.26361406658398712 -0.26361406658398712 -0.26361406658398712 -0.12051860514001214 -0.084496439028052789 -0.016563830266869223 -0.016563830266869223 -0.011953948275942483 -0.029191636841771871 -0.04260833935793594 -0.040951956331249019 -0.037217951918598363 -0.037678940117691032 -0.020441251551861647 -0.0070245490356975748 0.0078828982044847271 0.0041488937918340669 0 0 0 0 0 0 0 0 0 0 0 0 0 0 0 0 0 0 0 0 0 -0.01220298204657139 -0.018039630530202144 -0.03173053438069403 -0.03173053438069403 -0.03173053438069403 -0.019527552334122639 -0.013690903850491886 0 0 0 
-0.143095461443975 -0.17911762755593436 -0.26361406658398712 -0.31302718882261454 -0.31302718882261454 -0.16993172737863951 -0.13390956126668016 -0.065976952505496594 -0.03496808611894614 -0.030358204128019397 -0.047595892693848785 -0.061012595210012857 -0.059356212183325936 -0.040951956331249019 -0.041412944530341694 -0.024175255964512303 -0.010758553448348234 0.0041488937918340669 0.0041488937918340669 0 0 0 0 0 0 0 0 0 0 0 0 0 0 0 0 0 0 0 0 0 -0.01220298204657139 -0.018039630530202144 -0.03173053438069403 -0.039736910901449519 -0.039736910901449519 -0.027533928854878126 -0.021697280371247372 -0.0080063765207554882 0 0 
-0.25900278521359477 -0.29502495132555412 -0.37952139035360694 -0.42893451259223431 -0.31302718882261454 -0.16993172737863951 -0.13390956126668016 -0.065976952505496594 -0.03496808611894614 -0.078138562809003095 -0.09537625137483248 -0.10879295389099655 -0.10713657086430962 -0.088732315012232721 -0.045561838322175766 -0.028324149756346374 -0.014907447240182302 0 0 0 0 0 0 0 0 0 0 0 0 0 0 0 0 0 0.0068985297229519973 0.0068985297229519973 0.0068985297229519973 0.0068985297229519973 0.0068985297229519973 -0.0098844154577228255 -0.022087397504294216 -0.027924045987924969 -0.041614949838416855 -0.049621326359172338 -0.048632884813400057 -0.03642990276682867 -0.030593254283197917 -0.016902350432706031 -0.0088959739119505426 0 
-0.11590732376961975 -0.15192948988157909 -0.23642592890963188 -0.28583905114825925 -0.16993172737863951 -0.16993172737863951 -0.13390956126668016 -0.065976952505496594 -0.03496808611894614 -0.078138562809003095 -0.103384455610206 -0.11680115812637007 -0.11514477509968314 -0.096740519247606224 -0.053570042557549276 -0.028324149756346374 -0.014907447240182302 0 0 0 0 0 0 0 0 0 0 0 0 0 0 0 0 0 0.0068985297229519973 0.02308026611012335 0.02308026611012335 0.02308026611012335 0.02308026611012335 0.0062973209294485272 -0.020867099299637079 -0.026703747783267832 -0.040394651633759722 -0.048401028154515205 -0.047412586608742924 -0.03642990276682867 -0.030593254283197917 -0.016902350432706031 -0.0088959739119505426 0 
-0.11590732376961975 -0.11590732376961975 -0.20040376279767252 -0.2498168850362999 -0.13390956126668016 -0.13390956126668016 -0.13390956126668016 -0.065976952505496594 -0.03496808611894614 -0.078138562809003095 -0.103384455610206 -0.103384455610206 -0.10172807258351907 -0.083323816731442152 -0.040153340041385203 -0.014907447240182302 -0.014907447240182302 0 0 0 0 0 0 0 0 0 0 0 0 0 0 0 0 0 0.0068985297229519973 0.02308026611012335 0.025239371663839508 0.025239371663839508 0.025239371663839508 0.0084564264831646849 -0.018707993745920921 -0.020867099299637079 -0.034558003150128969 -0.042564379670884452 -0.04157593812511217 -0.030593254283197917 -0.030593254283197917 -0.016902350432706031 -0.0088959739119505426 0 
-0.11590732376961975 -0.11590732376961975 -0.11590732376961975 -0.16532044600824711 -0.049413122238627365 -0.049413122238627365 -0.049413122238627365 -0.049413122238627365 -0.018404255852076914 -0.061574732542133873 -0.086820625343336774 -0.086820625343336774 -0.086820625343336774 -0.068416369491259857 -0.025245892801202902 0 0 0 0 0 0 0 0 0 0 0 0 0 0 0 0 0 -0.0023634657560367522 -0.0023634657560367522 0.0045350639669152447 0.020716800354086597 0.022875905907802755 0.032667406002667244 0.032667406002667244 0.015884460821992422 -0.011279959407093185 -0.013439064960809342 -0.020867099299637079 -0.028873475820392569 -0.027885034274620281 -0.016902350432706031 -0.016902350432706031 -0.016902350432706031 -0.0088959739119505426 0 
-0.11590732376961975 -0.11590732376961975 -0.11590732376961975 -0.11590732376961975 0 0 0 0 0 -0.043170476690056955 -0.068416369491259857 -0.068416369491259857 -0.068416369491259857 -0.068416369491259857 -0.025245892801202902 0 0 0 0 0 0 0 0 0 0 0 0 0 0 0 0 0 -0.0023634657560367522 -0.0049895388182998098 0.001908990904652188 0.018090727291823538 0.020249832845539696 0.030041332940404186 0.03825521507825836 0.021472269897583541 -0.0056921503315020662 -0.0078512558852182231 -0.01527929022404596 -0.020867099299637079 -0.019878657753864794 -0.0088959739119505426 -0.0088959739119505426 -0.0088959739119505426 -0.0088959739119505426 0 
0 0 0 0 0 0 0 0 0 0 -0.025245892801202902 -0.025245892801202902 -0.025245892801202902 -0.025245892801202902 -0.025245892801202902 0 0 0 0 0 0 0 0 0 0 0 0 0 0 0 0 0 -0.0023634657560367522 -0.0049895388182998098 -0.011149463285336612 0.0050322731018347406 0.0071913786555508974 0.016982878750415386 0.025196760888269564 0.03756536210596316 0.010400941876877557 0.0082418363231614011 0.00081380198433366434 -0.0047740070912574541 -0.010982683841914252 0 0 0 0 0 
0.093113448142755101 0.093113448142755101 0.093113448142755101 0.093113448142755101 0.093113448142755101 0 0 0 0 0 0 0 0 0 0 0 0 0 0 0 0 0 0 0 0 0 0 0 0 0 0 0 -0.0023634657560367522 -0.0049895388182998098 -0.011149463285336612 -0.018754308306369705 -0.016595202752653547 -0.0068037026577890585 0.0014101794800651193 0.01377878069775872 0.021383625718791811 0.019224520165075653 0.011796485826247916 0.0062086767506567978 0 0 0 0 0 0 
0.093113448142755101 0.11655338161380274 0.11655338161380274 0.11655338161380274 0.11655338161380274 0.023439933471047638 0 0 0 0 0 0 0 0 0 0 0 0 0 0 0 0 0 0 0 0 0 0 0 0 0 0 -0.0023634657560367522 -0.0049895388182998098 -0.011149463285336612 -0.018754308306369705 -0.018754308306369705 -0.0089628082115052153 -0.00074892607365103754 0.011619675144042562 0.019224520165075653 0.019224520165075653 0.011796485826247916 0.0062086767506567978 0 0 0 0 0 0 
0.14809600813657053 0.17153594160761818 0.11655338161380274 0.11655338161380274 0.11655338161380274 0.023439933471047638 0 0 0 0 0 0 0 0 0 0 0 0 0 0 0 0 0 0 0 0 0 0 0 0 0 0 0 -0.0026260730622630576 -0.0087859975292998594 -0.016390842550332952 -0.016390842550332952 -0.016390842550332952 -0.0081769604124787738 0.0041916408052148262 0.011796485826247916 0.011796485826247916 0.011796485826247916 0.0062086767506567978 0 0 0 0 0 0 
0.18024955199260295 0.20368948546365059 0.14870692546983516 0.11655338161380274 0.11655338161380274 0.023439933471047638 0 0 0 0 0 0 0 0 0 0 0 0 0 0 0 0 0 0 0 0 0 0 0 0 0 0 0 0 -0.0061599244670368022 -0.013764769488069893 -0.013764769488069893 -0.013764769488069893 -0.013764769488069893 -0.0013961682703762923 0.0062086767506567978 0.0062086767506567978 0.0062086767506567978 0.0062086767506567978 0 0 0 0 0 0 
0.25567144498823463 0.27911137845928224 0.22412881846546681 0.19197527460943439 0.25731655464744457 0.1642031065046895 0.14076317303364186 0.14076317303364186 0.14076317303364186 0 0 0 0 0 0 0 0 0 0 0 0 0 0 0 0 0 0 0 0 0 0 0 0 0 0 -0.00760484502103309 -0.00760484502103309 -0.00760484502103309 -0.00760484502103309 -0.00760484502103309 0 0 0 0 0 0 0 0 0 0 
0.25402204689982771 0.27746198037087533 0.22247942037705989 0.19032587652102748 0.25566715655903766 0.2465207515536029 0.22308081808255525 0.22308081808255525 0.22308081808255525 0.082317645048913368 0 0 0 0 0 -0.039876143944648973 -0.039876143944648973 -0.039876143944648973 -0.039876143944648973 -0.039876143944648973 0 0 0 0 0 0 0 0 0 0 0 0 0 0 0 0 0 0 0 0 0 0 0 0 0 0 0 0 0 0 
0.25402204689982771 0.29776901850226728 0.24278645850845182 0.2106329146524194 0.27597419469042961 0.26682778968499482 0.22308081808255525 0.22308081808255525 0.22308081808255525 0.082317645048913368 0 0 0 0 0 -0.039876143944648973 -0.05894877997732835 -0.05894877997732835 -0.05894877997732835 -0.05894877997732835 -0.019072636032679377 0 0 0 0 0 0 0 0 0 0 0 0 0 0 0 0 0 0 0 0 0 0 0 0 0 0 0 0 0 
0.19903948690601225 0.24278645850845182 0.41402758644712029 0.38187404259108787 0.44721532262909808 0.43806891762366335 0.39432194602122378 0.26767697495394988 0.26767697495394988 0.12691380192030796 0.0445961568713946 0.0445961568713946 -0.023546464237875774 -0.023546464237875774 -0.023546464237875774 -0.063422608182524751 -0.082495244215204128 -0.080140597791416551 -0.080140597791416551 -0.080140597791416551 -0.040264453846767578 -0.021191817814088198 0 0 0 0 0 0 0 0 0 0 0 0 0 0 0 0 0 0 0 0 0 0 0 0 0 0 0 0 
0.16688594304997983 0.2106329146524194 0.38187404259108787 0.4820150530815373 0.54735633311954757 0.53820992811411283 0.49446295651167321 0.36781798544439925 0.29375659885535021 0.15299342582170833 0.070675780772794961 0.070675780772794961 0.0025331596635245791 -0.049709202279959966 -0.049709202279959966 -0.089585346224608939 -0.10865798225728832 -0.10630333583350074 -0.080140597791416551 -0.080140597791416551 -0.040264453846767578 -0.021191817814088198 0 0 0 0 0 0 0 0 0 0 0 0 0 0 0 0 0 0 0 0 0 0 0 0 0 0 0 0 
0.091464050054348184 0.13521102165678775 0.30645214959545625 0.40659316008590568 0.53292572017973816 0.52377931517430332 0.48003234357186381 0.35338737250458996 0.27932598591554092 0.18197078571215317 0.099653140663239798 0.099653140663239798 0.031510519553969413 -0.020731842389515125 -0.11107858781077473 -0.15095473175542368 -0.17002736778810307 -0.16767272136431549 -0.1415099833222313 -0.080140597791416551 -0.040264453846767578 -0.021191817814088198 0 0 0 0 0 0 0 0 0 0 0 0 0 0 0 0 0 0 0 0 0 0 0 0 0 0 0 0 
0.20346848241147941 0.24721545401391898 0.41845658195258745 0.51859759244303683 0.64493015253686958 0.59551229471717726 0.55176532311473769 0.42512035204746368 0.35105896545841464 0.25370376525502691 0.099653140663239798 0.099653140663239798 0.031510519553969413 -0.020731842389515125 -0.11107858781077473 -0.1469671173609588 -0.16603975339363819 -0.16368510696985061 -0.13752236892776643 -0.07615298339695166 -0.040264453846767578 -0.021191817814088198 0 0 0 0 0 0 0 0 0 0 0 0 0 0 0 0 0 0 0 0 0 0 0 0 0 0 0 0 
0.20346848241147941 0.27445658425600628 0.44569771219467469 0.54583872268512412 0.67217128277895688 0.62275342495926456 0.57077736893885855 0.44413239787158454 0.3700710112825355 0.27271581107914777 0.11866518648736066 0.099653140663239798 0.031510519553969413 -0.020731842389515125 -0.11107858781077473 -0.1469671173609588 -0.1469671173609588 -0.14461247093717122 -0.11844973289508705 -0.057080347364272283 -0.021191817814088198 -0.021191817814088198 0 0 0 0 0 0 0 0 0 0 0 0 0 0 0 0 0 0 0 0 0 0 0 0 0.028968285689750607 0.028968285689750607 0.028968285689750607 0.028968285689750607 
0.20346848241147941 0.27445658425600628 0.37234711008182686 0.47248812057227629 0.59882068066610894 0.54940282284641662 0.49742676682601061 0.39953624100018997 0.32547485441114088 0.22811965420775315 0.074069029615966051 0.05505698379184519 0.05505698379184519 0.0028146218483606489 -0.087532123572898954 -0.12342065312308304 -0.12342065312308304 -0.12342065312308304 -0.097257915080998847 -0.035888529550184081 0 0 -0.1104977261120292 -0.1104977261120292 -0.1104977261120292 -0.1104977261120292 -0.1104977261120292 0 0 0 0 0 0 0 0 0 0 0 0 0 0 0 0 0 0 0 0.028968285689750607 0.09691858545583229 0.09691858545583229 0.09691858545583229 
0.20346848241147941 0.27445658425600628 0.37234711008182686 0.42959303161739448 0.55592559171122713 0.50650773389153481 0.4545316778711288 0.35664115204530816 0.29939523050974054 0.20204003030635279 0.047989405714565697 0.028977359890444837 0.028977359890444837 0.028977359890444837 -0.061369385530814766 -0.097257915080998847 -0.097257915080998847 -0.097257915080998847 -0.097257915080998847 -0.035888529550184081 0 0 -0.1104977261120292 -0.17511627939391761 -0.17511627939391761 -0.17511627939391761 -0.17511627939391761 -0.064618553281888411 0 0 0 0 0 0 0 0 0 0 0 0 0 0 0 0 0 0 0.028968285689750607 0.09691858545583229 0.1366556028628976 0.1366556028628976 
0.20346848241147941 0.27445658425600628 0.37234711008182686 0.42959303161739448 0.56387358830576295 0.51445573048607063 0.46247967446566463 0.36458914863984404 0.30734322710427642 0.17306267041590795 0.019012045824120857 0 0 0 0 -0.035888529550184081 -0.035888529550184081 -0.035888529550184081 -0.035888529550184081 -0.035888529550184081 0 0 -0.1104977261120292 -0.17511627939391761 -0.32669066363538435 -0.32669066363538435 -0.32669066363538435 -0.21619293752335511 -0.15157438424146669 0 0 0 0 0 0 0 0 0 0 0 0 0 0 0 0.093210287744968007 0.093210287744968007 0.12217857343471861 0.1901288732008003 0.22986589060786561 0.1366556028628976 
0 0.070988101844526835 0.16887862767034742 0.22612454920591502 0.36040510589428343 0.36040510589428343 0.30842904987387748 0.2105385240480569 0.1532926025124893 0.019012045824120857 0.019012045824120857 0 0 0 0 0 0 0 0 0 0 0 -0.1104977261120292 -0.17511627939391761 -0.32669066363538435 -0.51381953306929384 -0.51381953306929384 -0.40332180695726461 -0.33870325367537618 -0.18712886943390949 0 0 0 0 0 0 0 0 0 0 0 0 0 0 0.093210287744968007 0.20828471705974333 0.23725300274949393 0.30520330251557559 0.34494031992264096 0.25173003217767292 
0 0 0.097890525825820585 0.15513644736138818 0.28941700404975662 0.28941700404975662 0.28941700404975662 0.19152647822393604 0.13428055668836844 0 0 0 0 0 0 0 0 0 0 0 0 0 -0.1104977261120292 -0.17511627939391761 -0.32669066363538435 -0.51381953306929384 -0.56092645841179045 -0.45042873229976127 -0.38581017901787285 -0.23423579477640616 -0.047106925342496657 0 0 0 0 0 0 0 0 0 0 0 0 0 0.093210287744968007 0.20828471705974333 0.20828471705974333 0.27623501682582496 0.31597203423289033 0.22276174648792232 
0 0 0.07477022996508946 0.13201615150065704 0.26629670818902551 0.26629670818902551 0.26629670818902551 0.19152647822393604 0.13428055668836844 0 0 0 0 0 0 0 0 0 0 0 0 0 -0.062540663887636197 -0.12715921716952461 -0.27873360141099129 -0.46586247084490079 -0.51296939618739745 -0.45042873229976127 -0.38581017901787285 -0.23423579477640616 -0.047106925342496657 0 0 0 0 0 0 0 0 0 0 0 0 0 0.093210287744968007 0.20828471705974333 0.20828471705974333 0.20828471705974333 0.24802173446680864 0.15481144672184063 
0 0 0.07477022996508946 0.11849551064642833 0.25277606733479679 0.25277606733479679 0.25277606733479679 0.17800583736970732 0.13428055668836844 0 0 0 0 0 0 0 0 0 0 0 0 0 -0.062540663887636197 -0.099114151541224632 -0.25068853578269129 -0.43781740521660079 -0.48492433055909745 -0.42238366667146127 -0.38581017901787285 -0.23423579477640616 -0.047106925342496657 0 0 0 0 0 0 0 0 0 0 0 0 0 0.093210287744968007 0.20828471705974333 0.20828471705974333 0.20828471705974333 0.20828471705974333 0.11507442931477532 
0 0 0.07477022996508946 0.11849551064642833 0.2210609838495689 0.2210609838495689 0.2210609838495689 0.14629075388447943 0.10256547320314055 0 0 0 0 0 0 0 0 0 0 -0.045152453893319039 -0.045152453893319039 -0.045152453893319039 -0.10769311778095525 -0.14426660543454367 -0.13975136004521177 -0.32688022947912126 -0.37398715482161793 -0.31144649093398175 -0.27487300328039327 -0.23423579477640616 -0.047106925342496657 0 0 0 0 0 0 0 0 0 0 0 0 0 0 0.11507442931477532 0.11507442931477532 0.11507442931477532 0.11507442931477532 0.11507442931477532 
0.12662404099153157 0.12662404099153157 0.20139427095662105 0.2451195516379599 0.34768502484110048 0.2210609838495689 0.2210609838495689 0.14629075388447943 0.10256547320314055 0 0 0 0 0 0 0 0 0 0 -0.045152453893319039 -0.15106561734678345 -0.15106561734678345 -0.21360628123441966 -0.25017976888800808 -0.24566452349867618 -0.13975136004521177 -0.18685828538770843 -0.12431762150007222 -0.087744133846483802 -0.047106925342496657 -0.047106925342496657 0 0 0 0 0 0 0 0 0 0.026495142831580238 0.026495142831580238 0.026495142831580238 0.026495142831580238 0.026495142831580238 0 0 0 0 0 
0.12662404099153157 0.15849977060822762 0.23327000057331709 0.27699528125465595 0.37956075445779652 0.25293671346626495 0.2210609838495689 0.14629075388447943 0.10256547320314055 0 0 0 0 0 0 0 0 0 0 -0.045152453893319039 -0.15106561734678345 -0.17772768984624943 -0.24026835373388561 -0.27684184138747403 -0.27232659599814213 -0.16641343254467772 -0.13975136004521177 -0.077210696157575559 -0.040637208503987138 0 0 0 0 0 0 0 0 0 0 0 0.026495142831580238 0.033164903190212897 0.033164903190212897 0.033164903190212897 0.033164903190212897 0.0066697603586326586 0 0 0 0 
0.12662404099153157 0.15849977060822762 0.15849977060822762 0.20222505128956647 0.30479052449270705 0.17816648350117548 0.14629075388447943 0.14629075388447943 0.10256547320314055 0 0 0 0 0 0 0 0 0 0 -0.045152453893319039 -0.15106561734678345 -0.17772768984624943 -0.17772768984624943 -0.21430117749983785 -0.20978593211050595 -0.10387276865704152 -0.077210696157575559 -0.077210696157575559 -0.040637208503987138 0 0 0 0 0 0 0 0 0 0 0 0.026495142831580238 0.033164903190212897 0.048810020080832711 0.048810020080832711 0.048810020080832711 0.022314877249252473 0.015645116890619815 0 0 0 
0.12662404099153157 0.15849977060822762 0.15849977060822762 0.15849977060822762 0.26106524381136814 0.13444120281983657 0.10256547320314055 0.10256547320314055 0.10256547320314055 0 0 0 0 0 0 0 0 0 0 -0.045152453893319039 -0.15106561734678345 -0.17772768984624943 -0.17772768984624943 -0.17772768984624943 -0.17321244445691752 -0.067299281003453101 -0.040637208503987138 -0.040637208503987138 -0.040637208503987138 0 0 0 0 0 0 0 0 0 0 0 0.026495142831580238 0.033164903190212897 0.048810020080832711 0.057959211244937872 0.057959211244937872 0.031464068413357624 0.024794308054724969 0.009149191164105154 0 0 
0.12662404099153157 0.15849977060822762 0.15849977060822762 0.15849977060822762 0.15849977060822762 0.031875729616696033 0 0 0 0 0 0 0 0 0 0 0 0 0 0 -0.10591316345346441 -0.13257523595293036 -0.13257523595293036 -0.13257523595293036 -0.13257523595293036 -0.026662072499465964 0 0 0 0 0 0 0 0 0 0 0 0 0 0.011295297733463154 0.037790440565043396 0.044460200923676058 0.060105317814295872 0.069254508978401033 0.068124979205054698 0.041629836373474463 0.034960076014841808 0.019314959124221993 0.010165767960116839 0 
